wavelength_nm,intensity
194.5407925424914,-0.0005701779843013022
194.7447415248341,-0.0012666828273999293
194.94870577839427,-0.0013895954467702753
195.15268530086703,-0.00048823623805440493
195.35668008994756,-0.00032435274556061035
195.5606901433309,4.438511255042755e-05
195.76471545871226,-0.0012666828273999293
195.96875603378672,-0.0008364886596037185
196.1728118662494,0.002338754007463552
196.37688295379544,-5.804207025819408e-05
196.58096929412,0.00012632685879732485
196.78507088491813,-0.00032435274556061035
196.989187723885,0.00020826860504422217
197.19331980871576,-0.0021475565995540753
197.3974671371055,0.002215841388093206
197.60162970674935,-0.0006316342939864752
197.80580751534242,-0.0009389158424123401
198.0100005605799,-0.0007340614767950968
198.21420884015683,-0.001000372152097513
198.41843235176842,2.3899675988703222e-05
198.62267109310972,0.001457880235309406
198.8269250618759,-0.000303867308998886
199.03119425576207,-0.0009798867155357887
199.2354786724634,-0.0008364886596037185
199.43977830967492,-0.0006726051671099238
199.64409316509185,-0.0012052265177147563
199.84842323640925,0.0011096278137600925
200.0527685213223,0.0003926375340997411
200.25712901752607,-0.0011437702080295835
200.46150472271574,-0.0013895954467702753
200.6658956345864,-0.0006316342939864752
200.87030175083322,0.0004950647169083627
201.07472306915125,0.0007818608287725033
201.27915958723568,-0.0005087216746161293
201.4836113027816,0.0012735113062538872
201.68807821348418,-0.0019222167973751078
201.89256031703852,-0.0014510517564554483
202.09705761113972,-0.00024241099931371303
202.30157009348292,-0.0010208575886592375
202.50609776176327,-0.0008364886596037185
202.71064061367588,0.0003721520975380168
202.91519864691588,-0.0015739643758257943
203.11977185917837,0.0004950647169083627
203.3243602481585,0.0004131229706614654
203.52896381155142,0.0009662297578280222
203.7335825470522,0.00022875404160594648
203.93821645235602,-5.804207025819408e-05
204.14286552515796,-0.0016149352489492428
204.34752976315318,4.438511255042755e-05
204.5522091640368,-0.0017173624317578645
204.75690372550392,-0.0010208575886592375
204.9616134452497,0.001580792854679752
205.16633832096923,0.0008023462653342276
205.37107835035766,8.53559856738762e-05
205.57583353111013,-0.00026289643587543734
205.78060386092173,0.0003106957878528438
205.98538933748762,-0.0010208575886592375
206.19018995850288,0.0002492394781676708
206.39500572166267,-0.0006111488574247509
206.59983662466212,-0.001061828461782686
206.80468266519637,-0.0008364886596037185
207.00954384096048,-0.0013281391370851023
207.21442014964964,0.0011096278137600925
207.41931158895895,-0.0006726051671099238
207.62421815658354,-3.7556633696469753e-05
207.82913985021852,-0.0014715371930171725
208.03407666755905,0.0011505986868835412
208.23902860630025,0.0008638025750194006
208.44399566413722,0.0005974918997169843
208.6489778387651,0.0005565210265935357
208.85397512787898,-0.001000372152097513
209.05898752917406,0.0010481715040749195
209.2640150403454,0.0012120549965687142
209.46905765908818,0.0015603074181180278
209.67411538309747,-0.00022192556275198869
209.87918821006843,6.487054911215187e-05
210.0842761376962,-0.00022192556275198869
210.28937916367587,-0.00024241099931371303
210.49449728570258,0.0003721520975380168
210.69963050147146,0.0005565210265935357
210.90477880867763,-0.000365323618684059
211.1099422050162,-0.00020144012619026437
211.31512068818236,-3.7556633696469753e-05
211.52031425587114,0.0006999190825256059
211.72552290577775,-0.0018607604876899348
211.93074663559727,0.0002492394781676708
212.13598544302482,0.0019290452762290656
212.34123932575557,-0.0011437702080295835
212.54650828148462,0.001765161783735271
212.75179230790707,-0.00028338187243716166
212.95709140271808,0.000822831701895952
213.16240556361277,0.0001468122953590492
213.36773478828627,-0.0014510517564554483
213.57307907443368,-0.0015329935027023455
213.77843841975016,0.000822831701895952
213.98381282193083,-0.002249983782362697
214.18920227867076,-0.001123284771467859
214.39460678766517,0.0005565210265935357
214.60002634660913,-0.001000372152097513
214.80546095319775,0.0004336084072231897
215.01091060512618,0.001457880235309406
215.21637530008957,-0.000303867308998886
215.42185503578298,-0.0005496925477395779
215.6273498099016,-0.0009798867155357887
215.83285962014054,0.0004950647169083627
216.0383844641949,-0.00026289643587543734
216.24392433975981,0.0011301132503218167
216.44947924453044,0.0002492394781676708
216.65504917620189,0.0013759384890625088
216.86063413246927,-0.0012257119542764807
217.0662341110277,-0.000365323618684059
217.27184910957234,-0.0004677508014926806
217.4774791257983,-0.0008979449692888915
217.6831241574007,0.0006179773362787087
217.88878420207465,-0.000365323618684059
218.09445925751533,0.000945744321266298
218.30014932141782,0.000515550153470087
218.50585439147724,0.0007613753922107789
218.71157446538874,3.4142394269788964e-06
218.91730954084744,-0.0011642556445913077
219.12305961554847,0.0003721520975380168
219.32882468718697,-0.00020144012619026437
219.534604753458,-0.0015329935027023455
219.74039981205678,-0.002045129416745454
219.94620986067838,0.0005974918997169843
220.1520348970179,-0.001184741081153032
220.35787491877053,0.0005360355900318114
220.56372992363134,-0.001184741081153032
220.7695999092955,-0.0007340614767950968
220.97548487345813,-0.0005701779843013022
221.1813848138143,-0.0013895954467702753
221.38729972805922,0.0011710841234452655
221.59322961388796,0.00020826860504422217
221.79917446899566,-0.002885032315776151
222.00513429107744,-0.00028338187243716166
222.21110907782844,-0.002065614853307178
222.41709882694377,0.000822831701895952
222.62310353611858,0.0019085598396673413
222.82912320304797,-0.00028338187243716166
223.03515782542706,-0.00024241099931371303
223.24120740095103,-0.0011437702080295835
223.44727192731494,-0.0007135760402333726
223.65335140221393,-0.00022192556275198869
223.85944582334315,-0.0017378478683195888
224.06555518839772,-0.00048823623805440493
224.27167949507276,-0.0007340614767950968
224.4778187410634,-0.0023933818382947674
224.68397292406473,-0.0018402750511282105
224.89014204177195,8.53559856738762e-05
225.09632609188012,0.00012632685879732485
225.3025250720844,0.0006999190825256059
225.5087389800799,-0.001307653700523378
225.71496781356174,0.0010276860675131952
225.92121157022507,-0.0007750323499185455
226.127470247765,-0.0005701779843013022
226.33374384387668,0.0014988511084328548
226.54003235625515,-0.0005087216746161293
226.74633578259565,-0.00020144012619026437
226.95265412059325,-0.0009389158424123401
227.1589873679431,0.0015398219815563033
227.36533552234027,0.0004745792803466384
227.57169858147992,-0.0004062944918075076
227.7780765430572,0.0022568122612166546
227.98446940476722,-0.0016763915586344158
228.1908771643051,0.0009867151943897465
228.39729981936594,-0.0011437702080295835
228.60373736764492,-5.804207025819408e-05
228.81018980683712,6.487054911215187e-05
229.01665713463768,0.0002492394781676708
229.22313934874177,-0.0013486245736468265
229.42963644684443,0.0010891423771983682
229.63614842664086,-0.0004677508014926806
229.84267528582615,-0.0004472653649309563
230.0492170220954,-7.85275068199184e-05
230.2557736331438,0.0014988511084328548
230.46234511666643,0.001068656940636644
230.66893147035844,-3.7556633696469753e-05
230.87553269191494,-0.0015534789392640698
231.0821487790311,-0.001184741081153032
231.28877972940197,-0.00022192556275198869
231.4954255407227,-1.707119713474543e-05
231.70208621068844,-0.0007545469133568212
231.90876173699434,0.0003926375340997411
232.11545211733545,-0.0008774595327271671
232.32215734940695,0.0011301132503218167
232.52887743090395,0.0005360355900318114
232.73561235952158,-0.00022192556275198869
232.94236213295494,0.00133496761593906
233.14912674889922,0.0003311812244145681
233.3559062050495,0.0004950647169083627
233.56270049910088,0.000638462772840433
233.76950962874855,0.00020826860504422217
233.9763335916876,0.0005565210265935357
234.18317238561315,-0.001184741081153032
234.39002600822033,2.3899675988703222e-05
234.59689445720426,-0.0013486245736468265
234.8037777302601,0.0006794336459638817
235.01067582508296,-0.002557265330788562
235.21758873936793,0.0008638025750194006
235.42451647081018,-0.0004677508014926806
235.63145901710482,2.3899675988703222e-05
235.83841637594696,-0.0023319255286095943
236.04538854503176,-0.0005496925477395779
236.2523755220543,0.0003106957878528438
236.45937730470976,0.0008433171384576763
236.66639389069323,-0.0015534789392640698
236.87342527769985,-0.001000372152097513
237.08047146342471,-0.0005292071111778536
237.287532445563,-0.00032435274556061035
237.4946082218098,-0.0004062944918075076
237.70169878986025,-0.0017173624317578645
237.90880414740948,0.0001672977319207735
238.1159242921526,0.00022875404160594648
238.32305922178475,-0.0018607604876899348
238.53020893400105,-1.707119713474543e-05
238.73737342649662,-0.0017788187414430375
238.9445526969666,-0.001881245924251659
239.15174674310612,0.0014169093621859575
239.35895556261028,0.0003721520975380168
239.5661791531742,0.0004540938437849141
239.77341751249307,-3.7556633696469753e-05
239.98067063826193,-0.0008569740961654428
240.18793852817598,0.00035166666097629246
240.39522117993027,0.0003106957878528438
240.60251859122002,0.000515550153470087
240.8098307597403,0.0001468122953590492
241.0171576831862,-0.0004472653649309563
241.22449935925292,0.0003311812244145681
241.43185578563552,0.0006179773362787087
241.6392269600292,-0.00034483818212233466
241.84661288012902,0.0011710841234452655
242.0540135436301,-0.0005087216746161293
242.26142894822766,0.0006179773362787087
242.4688590916167,0.000638462772840433
242.67630397149247,0.0004131229706614654
242.88376358554999,-0.0011027993349061347
243.09123793148444,0.0007204045190873303
243.29872700699093,0.0002492394781676708
243.5062308097646,-0.0014715371930171725
243.71374933750056,-0.0010823138983444105
243.92128258789393,8.53559856738762e-05
244.12883055863986,-0.0001399838165050914
244.33639324743348,-0.0008364886596037185
244.54397065196986,-9.901294338164274e-05
244.7515627699442,-0.001942702233936832
244.95916959905156,-0.0007340614767950968
245.16679113698711,0.0004745792803466384
245.37442738144597,-0.0012666828273999293
245.58207833012327,0.00022875404160594648
245.7897439807141,-0.001184741081153032
245.99742433091365,0.001396423925624233
246.20511937841695,-0.002188527472677524
246.4128291209192,-7.85275068199184e-05
246.62055355611554,-0.0012666828273999293
246.82829268170104,0.00029021035129111946
247.03604649537084,-0.0012666828273999293
247.24381499482007,-0.0006316342939864752
247.45159817774388,-0.0009594012789740645
247.65939604183737,0.0016217637278032008
247.86720858479566,-0.0014100808833319995
248.0750358043139,-0.0005496925477395779
248.28287769808722,0.00012632685879732485
248.4907342638107,0.0006999190825256059
248.6986054991795,0.0004540938437849141
248.90649140188876,0.0016832200374883735
249.11439196963357,-0.0005906634208630266
249.3223072001091,-0.0009389158424123401
249.53023709101043,0.0004745792803466384
249.7381816400327,-0.00032435274556061035
249.94614084487105,-0.0017788187414430375
250.15411470322059,0.0007204045190873303
250.36210321277645,-3.7556633696469753e-05
250.57010637123375,-0.0006521197305481996
250.77812417628763,-0.0005087216746161293
250.98615662563324,0.00057700646315526
251.19420371696563,0.000884288011581125
251.40226544798,0.0019290452762290656
251.61034181637143,-0.00028338187243716166
251.8184328198351,-0.0001604692530668157
252.02653845606605,-0.0008979449692888915
252.2346587227595,-0.0005087216746161293
252.44279361761048,0.0002492394781676708
252.65094313831418,-0.00026289643587543734
252.85910728256573,-0.002352410965171319
253.06728604806023,8.53559856738762e-05
253.2754794324928,-0.0009594012789740645
253.4836874335586,0.0004131229706614654
253.6919100489527,-0.0012257119542764807
253.90014727637032,-0.0014715371930171725
254.1083991135065,-0.0005292071111778536
254.31666555805637,-0.0009184304058506157
254.5249466077151,0.0001468122953590492
254.73324226017778,-0.0005087216746161293
254.94155251313956,-0.0004062944918075076
255.14987736429555,0.00035166666097629246
255.3582168113409,-0.00018095468962854003
255.56657085197068,0.0008433171384576763
255.77493948388008,0.0004745792803466384
255.9833227047642,0.0007818608287725033
256.19172051231817,-0.00018095468962854003
256.40013290423707,-0.0007545469133568212
256.6085598782161,-0.0016354206855109673
256.81700143195036,-0.0007955177864802698
257.025457563135,-0.001000372152097513
257.233928269465,0.00018778316848249782
257.4424135486357,-0.00024241099931371303
257.6509133983421,-0.00048823623805440493
257.8594278162793,-0.002290954655486146
258.06795680014255,-0.0015944498123875185
258.2765003476269,-0.001307653700523378
258.48505845642745,-0.0006521197305481996
258.69363112423935,-0.0012871682639616537
258.90221834875774,0.00026972491472939514
259.11082012767775,-0.00011949837994336706
259.31943645869444,0.0009662297578280222
259.5280673395031,-0.0014100808833319995
259.7367127677986,0.0016627346009266493
259.9453727412763,2.3899675988703222e-05
260.1540472576312,0.0007408899556490547
260.3627363145585,-0.0005087216746161293
260.5714399097533,-3.7556633696469753e-05
260.78015804091064,-0.0016149352489492428
260.98889070572574,0.0010276860675131952
261.1976379018937,-1.707119713474543e-05
261.4063996271097,-0.001246197390838205
261.6151758790688,-0.0009184304058506157
261.82396665546605,-0.0016559061220726915
262.03277195399676,-0.0007340614767950968
262.24159177235595,-0.0008569740961654428
262.45042610823873,0.00035166666097629246
262.65927495934034,0.0005360355900318114
262.8681383233557,-0.0010208575886592375
263.07701619798013,-0.0001399838165050914
263.28590858090865,-0.0007545469133568212
263.49481546983645,-0.0007340614767950968
263.70373686245864,-0.00028338187243716166
263.9126727564703,0.0003311812244145681
264.1216231495666,-0.0017173624317578645
264.3305880394426,-0.00020144012619026437
264.5395674237935,0.0001672977319207735
264.7485613003144,-0.00032435274556061035
264.95756966670046,-0.0010823138983444105
265.16659252064676,0.001396423925624233
265.37562985984846,-0.0007135760402333726
265.5846816820006,0.001765161783735271
265.7937479847984,-0.0006316342939864752
266.002828765937,-0.001881245924251659
266.21192402311146,0.00012632685879732485
266.42103375401695,0.00026972491472939514
266.63015795634857,0.0007408899556490547
266.83929662780145,0.0008638025750194006
267.0484497660707,-0.0021475565995540753
267.2576173688514,-0.0009594012789740645
267.46679943383884,0.0006179773362787087
267.675995958728,-0.0009389158424123401
267.88520694121405,0.0005360355900318114
268.0944323789921,-0.0014510517564554483
268.3036722697573,-0.0004472653649309563
268.5129266112048,0.002338754007463552
268.7221954010297,-0.00034483818212233466
268.93147863692707,0.0003106957878528438
269.1407763165921,0.0004540938437849141
269.35008843771993,2.3899675988703222e-05
269.55941499800565,0.0009662297578280222
269.7687559951444,-0.00024241099931371303
269.9781114268312,-0.001246197390838205
270.1874812907614,-0.00024241099931371303
270.39686558462995,-0.0014510517564554483
270.60626430613206,-0.0014100808833319995
270.81567745296275,-0.00024241099931371303
271.0251050228173,0.0010276860675131952
271.2345470133907,-0.0012666828273999293
271.4440034223781,-3.7556633696469753e-05
271.6534742474747,-3.7556633696469753e-05
271.86295948637553,-0.0012052265177147563
272.0724591367758,-0.0004472653649309563
272.28197319637064,0.001007200630951471
272.4915016628551,0.0012325404331304385
272.70104453392435,-0.00024241099931371303
272.91060180727357,-0.0012052265177147563
273.1201734805977,0.0022363268246549306
273.3297595515921,-0.0007545469133568212
273.5393600179517,0.0009662297578280222
273.7489748773718,0.000638462772840433
273.9586041275474,0.0003926375340997411
274.16824776617364,-0.0016763915586344158
274.3779057909457,-0.0015944498123875185
274.58757819955866,-0.001881245924251659
274.7972649897077,8.53559856738762e-05
275.0069661590878,-0.0010823138983444105
275.2166817053943,0.001068656940636644
275.4264116263222,-0.00022192556275198869
275.63615591956665,0.0021134142052845846
275.84591458282273,-0.0008160032230419942
276.05568761378566,0.0001672977319207735
276.26547501015045,-0.0006316342939864752
276.4752767696123,0.0020519578955994116
276.6850928898664,-0.0005906634208630266
276.89492336860775,0.00022875404160594648
277.10476820353153,-0.0011642556445913077
277.3146273923328,-0.0015944498123875185
277.5245009327068,0.0004745792803466384
277.73438882234865,0.0003311812244145681
277.94429105895335,-0.0009184304058506157
278.15420764021616,-0.00042677992836923193
278.3641385638321,-0.0007750323499185455
278.5740838274964,0.00020826860504422217
278.7840434289041,0.00018778316848249782
278.9940173657504,-0.001492022629578897
279.2040056357303,0.0013144821793773357
279.4140082365391,-0.0014715371930171725
279.6240251658718,-0.0009594012789740645
279.8340564214235,-7.85275068199184e-05
280.04410200088944,-0.001061828461782686
280.2541619019647,-0.0007340614767950968
280.4642361223444,-0.0013281391370851023
280.67432465972365,-0.001061828461782686
280.88442751179764,-0.001492022629578897
281.09454467626136,0.0005565210265935357
281.3046761508101,-0.0006521197305481996
281.5148219331389,-0.0006930906036716482
281.72498202094283,0.0008638025750194006
281.9351564119171,-0.00011949837994336706
282.1453451037568,-0.000365323618684059
282.35554809415714,0.0001672977319207735
282.5657653808131,6.487054911215187e-05
282.77599696142,0.0013554530525007845
282.98624283367275,-0.00042677992836923193
283.19650299526654,-0.0005087216746161293
283.40677744389666,0.0012325404331304385
283.617066177258,-3.7556633696469753e-05
283.8273691930458,0.0002492394781676708
284.0376864889552,-0.0021680420361158
284.2480180626813,-0.00032435274556061035
284.45836391191926,0.000638462772840433
284.6687240343641,-0.0014510517564554483
284.8790984277111,0.0001468122953590492
285.0894870896553,-0.00020144012619026437
285.29989001789176,-0.0009389158424123401
285.51030721011574,-0.0013486245736468265
285.7207386640223,-0.000365323618684059
285.9311843773065,-0.0006521197305481996
286.14164434766366,0.0006999190825256059
286.3521185727887,0.00012632685879732485
286.5626070503768,-3.7556633696469753e-05
286.77310977812317,-0.0001399838165050914
286.9836267537229,-0.0009184304058506157
287.194157974871,0.001580792854679752
287.4047034392628,0.0004540938437849141
287.61526314459326,0.0003926375340997411
287.8258370885576,-0.001307653700523378
288.03642526885085,-0.001430566319893724
288.2470276831682,-0.0015534789392640698
288.45764432920475,-0.0019017313608133833
288.66827520465574,0.0008023462653342276
288.8789203072161,-0.0007340614767950968
289.0895796345811,0.000638462772840433
289.30025318444586,-0.0008569740961654428
289.51094095450543,0.00035166666097629246
289.721642942455,-0.0016149352489492428
289.9323591459896,0.002400210317148725
290.14308956280445,-0.0008569740961654428
290.3538341905947,-0.0014510517564554483
290.5645930270554,-0.0006930906036716482
290.7753660698817,-0.00048823623805440493
290.98615331676876,0.0010276860675131952
291.19695476541165,0.0004950647169083627
291.4077704135055,0.00012632685879732485
291.61860025874546,0.0012939967428156115
291.8294442988267,-0.0016559061220726915
292.04030253144424,-0.0006521197305481996
292.2511749542933,-0.00028338187243716166
292.46206156506895,-0.0004677508014926806
292.6729623614664,-0.001369110010208551
292.8838773411806,0.0012325404331304385
293.0948065019069,-0.0016763915586344158
293.30574984134023,-0.00020144012619026437
293.5167073571758,-0.0008569740961654428
293.7276790471088,-0.0006930906036716482
293.9386649088342,-0.0016559061220726915
294.1496649400473,0.00057700646315526
294.3606791384431,-0.0023319255286095943
294.5717075017168,-0.0009594012789740645
294.78275002756345,-0.001983673107060281
294.9938067136782,-0.000303867308998886
295.2048775577563,0.0009867151943897465
295.41596255749266,-0.00032435274556061035
295.6270617105826,-0.0018402750511282105
295.8381750147211,-0.0012871682639616537
296.0493024676034,-0.0012666828273999293
296.26044406692455,-0.00018095468962854003
296.4715998103797,-0.0004677508014926806
296.682769695664,0.0009252588847045736
296.8939537204725,-0.0021680420361158
297.1051518825004,0.0006179773362787087
297.3163641794428,0.0013759384890625088
297.52759060899484,-0.0008160032230419942
297.7388311688517,-0.0018402750511282105
297.9500858567083,-0.0011437702080295835
298.16135467026004,-0.001000372152097513
298.3726376072018,-0.0012052265177147563
298.58393466522887,-0.00020144012619026437
298.79524584203637,-5.804207025819408e-05
299.0065711353193,-0.0007545469133568212
299.2179105427729,-0.0005292071111778536
299.4292640620923,0.00022875404160594648
299.64063169097255,-0.0008569740961654428
299.8520134271088,0.004756035521747023
300.0634092681962,-0.00034483818212233466
300.27481921192987,-0.0012257119542764807
300.4862432560049,-7.85275068199184e-05
300.6976813981165,-0.0012666828273999293
300.90913363595973,-0.001061828461782686
301.12059996722974,-0.0016763915586344158
301.3320803896216,-0.0006111488574247509
301.5435749008305,-0.0022704692189244213
301.7550834985515,-0.0015944498123875185
301.96660618047986,0.00029021035129111946
302.17814294431054,0.0003106957878528438
302.3896937877388,-0.0006316342939864752
302.6012587084597,-0.001061828461782686
302.8128377041683,-0.0004677508014926806
303.02443077255987,-0.0012052265177147563
303.2360379113295,-0.0008160032230419942
303.4476591181722,-0.0012257119542764807
303.6592943907832,0.0003926375340997411
303.87094372685766,-0.0005701779843013022
304.0826071240906,0.0001468122953590492
304.2942845801772,0.0006179773362787087
304.5059760928126,0.0018471035299821683
304.7176816596919,-0.0001399838165050914
304.92940127851017,-7.85275068199184e-05
305.14113494696267,-0.0008364886596037185
305.35288266274443,-0.0008569740961654428
305.5646444235506,0.0015398219815563033
305.7764202270763,-0.00020144012619026437
305.98821007101674,-0.0004677508014926806
306.20001395306684,-0.002229498345800973
306.4118318709219,0.001519336544994579
306.623663822277,-0.00028338187243716166
306.8355098048273,0.0007408899556490547
307.0473698162679,-0.0006316342939864752
307.2592438542939,0.00022875404160594648
307.4711319166004,-0.001430566319893724
307.68303400088257,0.0004745792803466384
307.8949501048356,-0.0005906634208630266
308.1068802261545,0.0011710841234452655
308.31882436253443,-0.0006521197305481996
308.53078251167057,-0.0005701779843013022
308.742754671258,-0.0007340614767950968
308.9547408389918,8.53559856738762e-05
309.1667410125673,-0.0011642556445913077
309.37875518967934,-0.0001604692530668157
309.59078336802315,-0.0005701779843013022
309.802825545294,-0.0012666828273999293
310.01488171918686,0.0009047734481428492
310.22695188739687,0.000515550153470087
310.4390360476192,-0.00032435274556061035
310.6511341975489,0.00018778316848249782
310.8632463348813,0.00057700646315526
311.07537245731123,0.0003721520975380168
311.28751256253406,-0.0014715371930171725
311.4996666482448,0.00035166666097629246
311.7118347121386,-0.0014715371930171725
311.9240167519106,-7.85275068199184e-05
312.1362127652559,-0.0006726051671099238
312.3484227498696,-0.00020144012619026437
312.5606467034469,-0.002680177950158908
312.77288462368284,-0.0008979449692888915
312.9851365082726,-0.00022192556275198869
313.19740235491133,-0.0005701779843013022
313.40968216129414,-0.001369110010208551
313.62197592511615,0.000945744321266298
313.8342836440724,-0.0006930906036716482
314.0466053158582,-0.0022090129092392483
314.25894093816845,-0.0008364886596037185
314.4712905086985,-0.001369110010208551
314.6836540251433,-0.0016559061220726915
314.8960314851981,0.000945744321266298
315.1084228865579,-0.00020144012619026437
315.3208282269179,0.0001672977319207735
315.5332475039733,2.3899675988703222e-05
315.7456807154191,0.000884288011581125
315.9581278589505,-0.0006111488574247509
316.1705889322626,-0.0005906634208630266
316.3830639330505,-0.0006111488574247509
316.59555285900933,-0.001184741081153032
316.8080557078343,-0.0013281391370851023
317.02057247722047,-0.0016968769951961403
317.23310316486294,-0.0016149352489492428
317.44564776845687,0.0009047734481428492
317.65820628569736,-0.0008569740961654428
317.8707787142796,-0.0010413430252209617
318.0833650518986,0.00012632685879732485
318.2959652962496,0.000945744321266298
318.50857944502775,-0.001369110010208551
318.72120749592807,-0.0011027993349061347
318.9338494466457,0.0002492394781676708
319.1465052948758,0.00018778316848249782
319.3591750383135,-0.0001399838165050914
319.57185867465387,-0.0009389158424123401
319.7845562015921,0.00035166666097629246
319.9972676168233,-3.7556633696469753e-05
320.20999291804264,-0.0007340614767950968
320.42273210294513,-0.0017173624317578645
320.635485169226,-0.001819789614566486
320.8482521145803,0.0017856472202969953
321.0610329367032,-1.707119713474543e-05
321.2738276332899,0.0004540938437849141
321.48663620203536,-0.0031513429910785674
321.6994586406348,0.0009662297578280222
321.9122949467834,-0.0016559061220726915
322.12514511817614,-0.00020144012619026437
322.3380091525083,0.0009662297578280222
322.5508870474749,-0.0008364886596037185
322.7637788007711,0.0008023462653342276
322.97668441009205,0.000884288011581125
323.1896038731328,-0.0004062944918075076
323.40253718758856,-0.00042677992836923193
323.6154843511544,-0.0008364886596037185
323.8284453615255,0.0011096278137600925
324.041420216397,0.0011301132503218167
324.25440891346386,0.0015398219815563033
324.4674114504214,0.000945744321266298
324.6804278249647,-0.0015125080661406213
324.8934580347888,-0.0008569740961654428
325.10650207758897,-0.00032435274556061035
325.31955995106017,-0.0009594012789740645
325.53263165289763,0.0008638025750194006
325.7457171807964,-0.001123284771467859
325.95881653245175,-0.001430566319893724
326.1719297055587,-0.001369110010208551
326.38505669781233,-0.0006521197305481996
326.59819750690787,-0.0015944498123875185
326.8113521305404,0.0007204045190873303
327.02452056640504,-0.0029669740620230484
327.23770281219686,-0.00011949837994336706
327.4508988656111,0.0016832200374883735
327.6641087243429,0.0011710841234452655
327.87733238608723,-0.0019017313608133833
328.0905698485393,-0.000303867308998886
328.30382110939433,-0.0009184304058506157
328.5170861663473,-0.0004062944918075076
328.7303650170934,0.0005360355900318114
328.94365765932776,0.0001672977319207735
329.1569640907455,0.0003311812244145681
329.3702843090417,-7.85275068199184e-05
329.58361831191155,-0.001369110010208551
329.79696609705013,-0.002004158543622005
330.01032766215263,0.0019290452762290656
330.2237030049141,-0.00032435274556061035
330.43709212302974,-0.0011437702080295835
330.6504950141946,0.0006999190825256059
330.86391167610384,0.0012120549965687142
331.07734210645265,0.0004131229706614654
331.290786302936,-0.00018095468962854003
331.5042442632491,-0.0007340614767950968
331.7177159850871,0.0014373947987476818
331.93120146614524,-0.002495809021103389
332.1447007041184,0.0012325404331304385
332.35821369670185,0.001457880235309406
332.5717404415907,-0.00032435274556061035
332.78528093648004,0.0006999190825256059
332.998835179065,-0.001123284771467859
333.21240316704075,0.0008023462653342276
333.4259848981024,-0.00048823623805440493
333.63958036994507,-0.0001399838165050914
333.85318958026386,-0.0009389158424123401
334.0668125267539,-0.00028338187243716166
334.2804492071104,-0.0019631876704985563
334.49409961902836,0.0010891423771983682
334.707763760203,-0.0008774595327271671
334.9214416283294,0.00018778316848249782
335.1351332211027,8.53559856738762e-05
335.348838536218,0.0003106957878528438
335.56255757137046,-0.00011949837994336706
335.7762903242552,0.0019085598396673413
335.99003679256737,0.0004745792803466384
336.20379697400205,0.0009662297578280222
336.4175708662544,-0.0023319255286095943
336.6313584670195,-0.0013486245736468265
336.8451597739925,-0.0013486245736468265
337.05897478486855,0.0003721520975380168
337.2728034973427,0.0007818608287725033
337.4866459091102,-0.0007340614767950968
337.7005020178661,-0.001061828461782686
337.9143718213055,-0.0007135760402333726
338.1282553171236,-0.0011027993349061347
338.3421525030154,0.00035166666097629246
338.5560633766762,0.0005565210265935357
338.76998793580105,-7.85275068199184e-05
338.98392617808497,3.4142394269788964e-06
339.1978781012233,-0.0007955177864802698
339.4118437029109,0.0005565210265935357
339.62582298084317,-0.0007750323499185455
339.839815932715,-0.0025777507673502864
340.0538225562217,0.0009252588847045736
340.2678428490583,-0.0024138672748564914
340.4818768089199,0.0014783656718711303
340.69592443350166,-0.001000372152097513
340.90998572049875,0.000638462772840433
341.1240606676063,-0.0005496925477395779
341.33814927251933,0.0004950647169083627
341.55225153293304,0.004141472424895293
341.76636744654263,-0.0020861002898689023
341.98049701104304,0.000884288011581125
342.19464022412956,0.0015398219815563033
342.40879708349723,-0.0024753235845416644
342.6229675868412,-3.7556633696469753e-05
342.8371517318566,-0.0007135760402333726
343.0513495162386,-5.804207025819408e-05
343.26556093768215,-0.0016763915586344158
343.4797859938826,0.0011915695600069897
343.694024682535,0.00012632685879732485
343.90827700133445,0.0003721520975380168
344.122542947976,0.0004131229706614654
344.3368225201549,0.0010276860675131952
344.55111571556625,-0.001246197390838205
344.7654225319052,0.0009662297578280222
344.97974296686675,3.4142394269788964e-06
345.1940770181462,-3.7556633696469753e-05
345.4084246834385,-0.0010413430252209617
345.6227859604389,-0.001246197390838205
345.8371608468425,-0.0001604692530668157
346.0515493403444,0.00035166666097629246
346.2659514386397,-0.002045129416745454
346.4803671394236,0.0003106957878528438
346.6947964403912,-0.0009389158424123401
346.9092393392376,0.00012632685879732485
347.12369583365796,-0.0004062944918075076
347.3381659213474,0.0003926375340997411
347.552649600001,-1.707119713474543e-05
347.76714686731395,0.0004745792803466384
347.9816577209814,-0.001430566319893724
348.1961821586983,2.3899675988703222e-05
348.41072017816,-0.0017993041780047618
348.62527177706147,-0.00034483818212233466
348.8398369530979,-0.001000372152097513
349.0544157039644,0.0024411811902721736
349.2690080273561,-0.0005906634208630266
349.4836139209681,0.00020826860504422217
349.6982333824956,0.0010891423771983682
349.9128664096337,0.0011915695600069897
350.12751300007744,0.0006999190825256059
350.34217315152205,0.0001468122953590492
350.5568468616626,-0.00020144012619026437
350.7715341281942,0.0008638025750194006
350.9862349488121,-0.0008569740961654428
351.2009493212113,-0.0011437702080295835
351.41567724308686,0.0009252588847045736
351.6304187121341,0.000945744321266298
351.8451737260481,0.00029021035129111946
352.0599422825238,0.0016012782912414763
352.27472437925655,-9.901294338164274e-05
352.4895200139414,0.0006179773362787087
352.7043291842734,-0.0012257119542764807
352.91915188794775,0.00010584142223560053
353.1339881226596,-0.002188527472677524
353.34883788610404,0.0003721520975380168
353.5637011759762,0.0013554530525007845
353.77857798997115,0.0011710841234452655
353.9934683257841,-0.001758333304881313
354.2083721811102,-0.0007545469133568212
354.42328955364445,-0.00042677992836923193
354.63822044108207,-0.0009389158424123401
354.8531648411182,-0.0006316342939864752
355.06812275144785,0.0004950647169083627
355.2830941697663,-0.001758333304881313
355.4980790937685,-0.00011949837994336706
355.7130775211498,-0.0007135760402333726
355.92808944960507,-0.00048823623805440493
356.1431148768297,0.000822831701895952
356.3581538005186,-0.0004677508014926806
356.573206218367,0.0001672977319207735
356.78827212807,0.0005360355900318114
357.0033515273227,-0.001881245924251659
357.2184444138203,0.0002492394781676708
357.4335507852579,-0.0005292071111778536
357.6486706393306,0.00010584142223560053
357.86380397373347,-0.002249983782362697
358.0789507861617,0.0006179773362787087
358.29411107431054,-0.0014510517564554483
358.50928483587484,0.0005360355900318114
358.72447206854997,0.0005565210265935357
358.93967277003094,0.00057700646315526
359.15488693801285,-0.00024241099931371303
359.37011457019094,-0.0012052265177147563
359.5853556642603,-0.0009184304058506157
359.80061021791596,0.0019495307127907898
360.0158782288531,4.438511255042755e-05
360.2311596947669,-0.0015739643758257943
360.44645461335244,-0.0023319255286095943
360.6617629823048,0.0009662297578280222
360.87708479931916,-0.0005496925477395779
361.0924200620907,0.0012120549965687142
361.3077687683144,-0.0005087216746161293
361.52313091568556,-0.0008979449692888915
361.7385065018992,-1.707119713474543e-05
361.9538955246504,0.00057700646315526
362.1692979816345,-0.0008774595327271671
362.3847138705463,-0.00032435274556061035
362.6001431890812,-0.0014715371930171725
362.81558593493423,-0.0017993041780047618
363.03104210580045,-0.0016149352489492428
363.2465116993751,-0.000303867308998886
363.46199471335325,-0.00032435274556061035
363.67749114543005,0.0008433171384576763
363.8930009933006,0.0006999190825256059
364.10852425466,-0.0007750323499185455
364.3240609272034,0.001068656940636644
364.5396110086259,-9.901294338164274e-05
364.7551744966227,8.53559856738762e-05
364.9707513888889,0.0007408899556490547
365.1863416831196,-0.0016559061220726915
365.40194537700995,-0.0008979449692888915
365.6175624682551,-0.0009798867155357887
365.8331929545501,-0.0018402750511282105
366.04883683359003,-0.00032435274556061035
366.2644941030702,-0.0005701779843013022
366.4801647606856,-0.0008364886596037185
366.6958488041314,0.0022568122612166546
366.91154623110276,-0.001307653700523378
367.1272570392947,-0.0005906634208630266
367.34298122640246,-0.000365323618684059
367.5587187901211,-7.85275068199184e-05
367.77446972814573,0.0003106957878528438
367.99023403817154,-0.0005292071111778536
368.2060117178936,-0.0010823138983444105
368.4218027650071,-0.001246197390838205
368.6376071772071,-0.0024548381479799404
368.8534249521887,-3.7556633696469753e-05
369.0692560876471,-0.0007135760402333726
369.28510058127745,0.00018778316848249782
369.50095843077474,-0.0008364886596037185
369.71682963383427,0.000822831701895952
369.93271418815107,-0.0017173624317578645
370.1486120914202,6.487054911215187e-05
370.36452334133696,-0.0006521197305481996
370.58044793559634,-0.00032435274556061035
370.79638587189345,0.000638462772840433
371.0123371479235,-0.001307653700523378
371.2283017613816,-0.0005906634208630266
371.44427970996287,-0.0009798867155357887
371.6602709913624,-0.0010208575886592375
371.8762756032753,-0.0013281391370851023
372.0922935433968,0.0006179773362787087
372.30832480942195,0.0005360355900318114
372.5243693990459,-0.0005906634208630266
372.7404273099637,0.0003926375340997411
372.9564985398706,0.0004131229706614654
373.1725830864617,-0.0004472653649309563
373.388680947432,-0.0001604692530668157
373.60479212047676,-0.0019017313608133833
373.8209166032911,-0.0006316342939864752
374.0370543935701,-0.00020144012619026437
374.25320548900885,-3.7556633696469753e-05
374.46936988730255,-0.00034483818212233466
374.6855475861463,-0.00018095468962854003
374.9017385832352,0.00285088992150666
375.11794287626435,0.0006589482094021573
375.33416046292905,-0.0008160032230419942
375.5503913409242,-0.0004677508014926806
375.76663550794507,0.00020826860504422217
375.98289296168673,-0.0015125080661406213
376.19916369984435,0.00057700646315526
376.415447720113,-0.0017993041780047618
376.63174502018774,-0.00011949837994336706
376.8480555977639,-0.0006111488574247509
377.0643794505364,-0.0006316342939864752
377.2807165762006,-0.0007955177864802698
377.49706697245136,-0.00022192556275198869
377.71343063698396,-0.001000372152097513
377.9298075674935,0.00026972491472939514
378.1461977616751,-0.0013486245736468265
378.36260121722387,-0.0009389158424123401
378.579017931835,-0.00048823623805440493
378.79544790320347,-0.0008979449692888915
379.01189112902455,-5.804207025819408e-05
379.22834760699334,-0.0009594012789740645
379.44481733480495,-0.0017173624317578645
379.6613003101545,-0.00020144012619026437
379.8777965307371,0.000822831701895952
380.09430599424786,0.0016217637278032008
380.310828698382,-0.001246197390838205
380.52736464083455,-0.0006521197305481996
380.74391381930064,-0.001246197390838205
380.96047623147547,-0.0011027993349061347
381.1770518750541,-0.001246197390838205
381.39364074773175,8.53559856738762e-05
381.6102428472034,-0.0008979449692888915
381.8268581711642,-0.0009184304058506157
382.0434867173094,-0.0011437702080295835
382.26012848333403,0.0005974918997169843
382.4767834669332,-0.0017378478683195888
382.6934516658022,-0.00011949837994336706
382.91013307763586,-0.002045129416745454
383.1268277001296,-0.0004677508014926806
383.34353553097833,-0.0001604692530668157
383.56025656787733,0.0008023462653342276
383.7769908085216,4.438511255042755e-05
383.9937382506064,-0.0001399838165050914
384.2104988918267,0.0003311812244145681
384.4272727298777,-0.0006111488574247509
384.6440597624546,0.00057700646315526
384.86085998725247,-0.0009594012789740645
385.0776734019664,-0.001061828461782686
385.29450000429154,-0.00024241099931371303
385.511339791923,-0.0022090129092392483
385.728192762556,0.0008433171384576763
385.9450589138855,-0.00018095468962854003
386.1619382436067,-0.0017788187414430375
386.3788307494148,-0.002106585726430627
386.5957364290049,0.0013144821793773357
386.812655280072,2.3899675988703222e-05
387.0295873003114,2.3899675988703222e-05
387.24653248741805,-0.00042677992836923193
387.4634908390872,-0.0006316342939864752
387.680462353014,-0.00026289643587543734
387.8974470268935,0.0014988511084328548
388.1144448584208,0.0010891423771983682
388.3314558452911,0.0005360355900318114
388.5484799851995,-0.0007545469133568212
388.76551727584115,0.00018778316848249782
388.98256771491117,-0.0011437702080295835
389.19963130010456,3.4142394269788964e-06
389.41670802911665,-0.00048823623805440493
389.63379789964245,-0.0001399838165050914
389.85090090937706,-0.0005701779843013022
390.0680170560157,0.001068656940636644
390.2851463372534,-0.00042677992836923193
390.50228875078534,-0.001000372152097513
390.71944429430664,-0.0013895954467702753
390.9366129655125,0.001007200630951471
391.15379476209785,-0.0004677508014926806
391.370989681758,-0.0008569740961654428
391.58819772218794,-0.0016149352489492428
391.8054188810829,-0.0014510517564554483
392.02265315613806,-0.0008569740961654428
392.2399005450484,-0.0008569740961654428
392.4571610455091,-0.0004677508014926806
392.67443465521524,-0.00028338187243716166
392.891721371862,-0.00028338187243716166
393.1090211931446,0.00026972491472939514
393.32633411675795,0.0002492394781676708
393.5436601403974,0.0001672977319207735
393.7609992617579,0.0001468122953590492
393.9783514785346,0.000638462772840433
394.1957167884227,0.0005360355900318114
394.41309518911737,-0.0004677508014926806
394.6304866783136,-0.0021475565995540753
394.8478912537066,-0.00026289643587543734
395.06530891299144,-9.901294338164274e-05
395.28273965386336,0.0014373947987476818
395.50018347401726,0.00012632685879732485
395.7176403711485,-0.0005087216746161293
395.93511034295216,-0.0005701779843013022
396.15259338712326,0.00029021035129111946
396.37008950135703,-0.0009184304058506157
396.58759868334846,0.0031376860333708007
396.8051209307929,-0.0016559061220726915
397.0226562413852,0.0003311812244145681
397.2402046128207,0.0006179773362787087
397.4577660427945,-0.00028338187243716166
397.6753405290017,-0.0015739643758257943
397.89292806913727,0.0019085598396673413
398.1105286608966,-0.0007135760402333726
398.3281423019746,0.0004336084072231897
398.54576899006656,-0.001246197390838205
398.7634087228675,2.3899675988703222e-05
398.98106149807256,-0.0019222167973751078
399.19872731337693,0.000822831701895952
399.41640616647567,-0.0010208575886592375
399.63409805506393,0.00010584142223560053
399.8518029768368,6.487054911215187e-05
400.0695209294895,-0.0013281391370851023
400.28725191071703,-0.0009594012789740645
400.5049959182146,-0.00048823623805440493
400.7227529496773,0.0002492394781676708
400.94052300280026,0.0003106957878528438
401.15830607527863,0.001068656940636644
401.37610216480755,-0.0007750323499185455
401.59391126908207,-0.0005496925477395779
401.81173338579737,6.487054911215187e-05
402.02956851264855,-0.001000372152097513
402.24741664733085,0.00029021035129111946
402.4652777875392,-0.0012871682639616537
402.68315193096885,-0.000303867308998886
402.901039075315,-0.0001399838165050914
403.11893921827254,-0.0009184304058506157
403.3368523575368,8.53559856738762e-05
403.55477849080285,-0.0011437702080295835
403.7727176157657,-0.0006316342939864752
403.9906697301207,0.0005360355900318114
404.20863483156285,-0.0016968769951961403
404.4266129177872,-0.002803090569529254
404.6446039864891,-0.0008569740961654428
404.8626080353634,-0.00020144012619026437
405.0806250621054,0.00133496761593906
405.2986550644102,-0.0006111488574247509
405.5166980399729,0.00029021035129111946
405.7347539864886,-0.001430566319893724
405.95282290165255,-0.001061828461782686
406.1709047831597,-0.0005292071111778536
406.38899962870533,0.0006794336459638817
406.6071074359845,-0.001246197390838205
406.8252282026923,-0.00011949837994336706
407.0433619265239,3.4142394269788964e-06
407.2615086051744,-0.001246197390838205
407.47966823633897,-0.001184741081153032
407.69784081771274,-1.707119713474543e-05
407.91602634699075,-0.001430566319893724
408.1342248218682,-0.0005701779843013022
408.3524362400402,0.0009867151943897465
408.5706605992019,-9.901294338164274e-05
408.7888978970484,-0.0005701779843013022
409.0071481312748,8.53559856738762e-05
409.2254112995762,-0.0015739643758257943
409.44368739964784,-1.707119713474543e-05
409.66197642918473,-0.0012666828273999293
409.8802783858821,0.0014783656718711303
410.09859326743504,-0.0008569740961654428
410.31692107153856,-0.0007135760402333726
410.535261795888,-0.002372896401733043
410.7536154381784,-0.0011027993349061347
410.9719819961047,-0.00048823623805440493
411.19036146736227,-0.0008364886596037185
411.40875384964613,0.0003721520975380168
411.62715914065143,0.000638462772840433
411.8455773380733,-0.0015125080661406213
412.0640084396069,-0.0016559061220726915
412.28245244294726,-0.00018095468962854003
412.5009093457895,2.3899675988703222e-05
412.7193791458289,-0.0006930906036716482
412.93786184076043,3.4142394269788964e-06
413.1563574282793,-0.0013281391370851023
413.37486590608063,-0.0007545469133568212
413.59338727185946,0.0017856472202969953
413.81192152331107,-0.0008364886596037185
414.0304686581304,-0.00026289643587543734
414.2490286740128,2.3899675988703222e-05
414.4676015686532,-0.00022192556275198869
414.68618733974677,-0.00034483818212233466
414.9047859849887,-0.0019222167973751078
415.12339750207406,0.00018778316848249782
415.342021888698,-0.0008160032230419942
415.5606591425556,-3.7556633696469753e-05
415.77930926134206,-0.0006111488574247509
415.9979722427525,-0.0013281391370851023
416.216648084482,-0.00042677992836923193
416.4353367842257,0.0006179773362787087
416.65403833967866,-0.0011642556445913077
416.8727527485362,-0.00032435274556061035
417.09148000849325,0.000638462772840433
417.31022011724497,-0.001369110010208551
417.52897307248656,0.0004950647169083627
417.7477388719131,-0.001246197390838205
417.96651751321974,0.0003926375340997411
418.18530899410155,0.0012939967428156115
418.4041133122537,0.0013554530525007845
418.6229304653714,0.0013554530525007845
418.8417604511495,-0.001492022629578897
419.06060326728345,0.0016012782912414763
419.2794589114683,-0.0007750323499185455
419.498327381399,-0.0014100808833319995
419.7172086747708,0.000884288011581125
419.93610278927883,-0.0004677508014926806
420.15500972261816,0.0005974918997169843
420.37392947248406,-0.0017378478683195888
420.59286203657143,0.000945744321266298
420.8118074125756,0.0009047734481428492
421.03076559819164,0.0003106957878528438
421.2497365911146,-0.0007545469133568212
421.4687203890396,-7.85275068199184e-05
421.6877169896619,-0.0005701779843013022
421.90672639067657,0.0006589482094021573
422.1257485897787,-0.0019222167973751078
422.34478358466333,-0.0013486245736468265
422.5638313730258,0.001007200630951471
422.78289195256104,-0.0013486245736468265
423.00196532096436,0.0006999190825256059
423.2210514759307,-0.0010413430252209617
423.44015041515524,-0.0011437702080295835
423.65926213633315,-0.0005701779843013022
423.87838663715956,0.0006179773362787087
424.0975239153296,-1.707119713474543e-05
424.31667396853834,0.0003721520975380168
424.535836794481,-0.001061828461782686
424.7550123908526,-0.0012052265177147563
424.9742007553483,-0.0007750323499185455
425.1934018856632,0.0003106957878528438
425.4126157794925,-0.0007750323499185455
425.6318424345313,-0.00018095468962854003
425.8510818484747,-0.0023319255286095943
426.0703340190178,-0.0006316342939864752
426.2895989438558,0.00020826860504422217
426.5088766206838,0.0004950647169083627
426.7281670471969,-0.0008160032230419942
426.94747022109027,-0.00032435274556061035
427.16678614005895,-0.0001604692530668157
427.38611480179816,-0.0008364886596037185
427.60545620400296,-0.0009594012789740645
427.82481034436853,0.0009867151943897465
428.04417722059,0.0004745792803466384
428.2635568303624,0.00018778316848249782
428.48294917138094,-0.0014715371930171725
428.70235424134074,-0.0006930906036716482
428.92177203793693,0.0004745792803466384
429.1412025588646,0.00020826860504422217
429.3606458018189,-0.0012871682639616537
429.5801017644949,0.0006999190825256059
429.79957044458786,-0.0008569740961654428
430.0190518397927,-0.0006726051671099238
430.2385459478048,-0.0005496925477395779
430.4580527663191,-7.85275068199184e-05
430.67757229303083,-0.001000372152097513
430.897104525635,-0.001184741081153032
431.1166494618268,-5.804207025819408e-05
431.3362070993014,-0.001123284771467859
431.5557774357539,-0.0009594012789740645
431.77536046887934,-0.0004677508014926806
431.994956196373,-0.002106585726430627
432.2145646159298,0.000638462772840433
432.4341857252451,0.0005360355900318114
432.6538195220138,0.00029021035129111946
432.87346600393124,3.4142394269788964e-06
433.0931251686924,0.00057700646315526
433.31279701399245,-0.001246197390838205
433.53248153752656,4.438511255042755e-05
433.7521787369898,-0.0007955177864802698
433.97188861007726,0.0009662297578280222
434.19161115448406,0.0018471035299821683
434.4113463679055,-0.00022192556275198869
434.63109424803656,-0.00034483818212233466
434.8508547925723,0.0008638025750194006
435.070627999208,-0.0012257119542764807
435.29041386563875,-0.00024241099931371303
435.51021238955957,-0.00026289643587543734
435.73002356866573,-0.0016763915586344158
435.9498474006523,8.53559856738762e-05
436.16968388321436,-0.0006521197305481996
436.38953301404706,-0.00042677992836923193
436.6093947908456,-0.0017788187414430375
436.82926921130496,-0.0007955177864802698
437.0491562731204,-0.0001399838165050914
437.26905597398695,-0.0007340614767950968
437.4889683115998,0.000515550153470087
437.7088932836541,-0.0013486245736468265
437.9288308878449,0.0011096278137600925
438.14878112186733,0.0006999190825256059
438.3687439834166,-0.0017993041780047618
438.5887194701877,-0.00011949837994336706
438.8087075798759,-0.0019631876704985563
439.0287083101762,-0.0006930906036716482
439.2487216587839,0.0011096278137600925
439.46874762339394,0.0003721520975380168
439.6887862017015,0.00026972491472939514
439.90883739140173,0.0012735113062538872
440.12890119018977,8.53559856738762e-05
440.34897759576074,-0.0005496925477395779
440.56906660580967,-0.002434352711418216
440.7891682180318,-0.00048823623805440493
441.00928243012225,0.0004336084072231897
441.22940923977615,-9.901294338164274e-05
441.44954864468855,-0.0001604692530668157
441.66970064255463,-0.000365323618684059
441.8898652310695,-0.0006316342939864752
442.1100424079283,-0.00011949837994336706
442.33023217082615,-0.0009594012789740645
442.55043451745814,-0.00020144012619026437
442.77064944551944,-0.0010208575886592375
442.9908769527052,0.0007204045190873303
443.21111703671056,-0.001492022629578897
443.4313696952305,-0.0018402750511282105
443.65163492596025,4.438511255042755e-05
443.8719127265949,0.001396423925624233
444.0922030948297,0.0016217637278032008
444.3125060283596,-7.85275068199184e-05
444.53282152487986,0.0007408899556490547
444.75314958208554,0.0011096278137600925
444.9734901976718,0.0016012782912414763
445.1938433693337,-0.0003858090552457833
445.4142090947664,0.0001672977319207735
445.6345873716651,0.00029021035129111946
445.8549781977248,-0.0008364886596037185
446.07538157064073,0.000515550153470087
446.29579748810795,-3.7556633696469753e-05
446.51622594782157,-0.00020144012619026437
446.7366669474768,0.0007818608287725033
446.95712048476867,0.0006999190825256059
447.17758655739243,0.002543608373080795
447.3980651630431,0.0004745792803466384
447.61855629941584,0.0011301132503218167
447.8390599642057,-0.00034483818212233466
448.05957615510795,0.0011301132503218167
448.2801048698177,0.00018778316848249782
448.50064610602993,-0.0019222167973751078
448.7211998614399,-0.0006930906036716482
448.94176613374265,0.0012325404331304385
449.16234492063336,0.0004540938437849141
449.38293621980716,0.0006179773362787087
449.6035400289592,-0.0009184304058506157
449.82415634578444,0.00057700646315526
450.04478516797826,-0.0014715371930171725
450.2654264932356,0.0003721520975380168
450.48608031925164,-0.00048823623805440493
450.70674664372154,-0.0006111488574247509
450.92742546434033,-0.0015329935027023455
451.14811677880334,-0.00048823623805440493
451.36882058480546,-1.707119713474543e-05
451.5895368800418,0.00022875404160594648
451.8102656622077,-0.0008774595327271671
452.0310069289983,0.0005565210265935357
452.25176067810844,0.00020826860504422217
452.4725269072335,-0.0010208575886592375
452.69330561406844,-0.0010208575886592375
452.9140967963085,0.0017446763471735465
453.13490045164883,-0.0016559061220726915
453.3557165777845,0.001396423925624233
453.57654517241065,-0.0007750323499185455
453.79738623322226,0.0009047734481428492
454.01823975791467,0.0007408899556490547
454.2391057441829,3.4142394269788964e-06
454.45998418972215,-0.0015739643758257943
454.68087509222744,0.00020826860504422217
454.901778449394,-0.0008569740961654428
455.1226942589168,0.0015603074181180278
455.3436225184912,0.0007204045190873303
455.5645632258121,6.487054911215187e-05
455.7855163785748,-0.0012666828273999293
456.00648197447424,-0.0006521197305481996
456.2274600112057,-0.0007135760402333726
456.44845048646437,-0.0005701779843013022
456.6694533979452,-0.00028338187243716166
456.89046874334326,-9.901294338164274e-05
457.11149652035385,0.0013759384890625088
457.3325367266722,0.0006179773362787087
457.5535893599931,0.000822831701895952
457.7746544180119,0.000822831701895952
457.99573189842374,-0.0008774595327271671
458.21682179892366,-0.0006726051671099238
458.43792411720676,0.0003311812244145681
458.6590388509683,-0.0004062944918075076
458.8801659979032,0.0004336084072231897
459.10130555570686,-0.0006521197305481996
459.32245752207416,0.0009047734481428492
459.5436218947003,-0.0006726051671099238
459.76479867128046,-0.0006726051671099238
459.9859878495098,0.000945744321266298
460.2071894270832,0.0013759384890625088
460.4284034016962,0.0001672977319207735
460.64962977104346,0.0006999190825256059
460.8708685328205,-0.001061828461782686
461.0921196847222,0.0012120549965687142
461.3133832244439,-0.0007135760402333726
461.53465914968046,0.000515550153470087
461.75594745812714,0.00012632685879732485
461.97724814747903,-0.00026289643587543734
462.19856121543137,0.0007408899556490547
462.41988665967926,0.0018061326568587195
462.6412244779176,2.3899675988703222e-05
462.86257466784184,0.000638462772840433
463.08393722714686,0.000884288011581125
463.305312153528,0.0010891423771983682
463.52669944468016,0.0010276860675131952
463.74809909829855,0.00026972491472939514
463.9695111120784,-0.0013486245736468265
464.1909354837147,0.0012735113062538872
464.4123722109026,-0.0007955177864802698
464.6338212913374,0.0012530258696921627
464.8552827227139,0.0012735113062538872
465.07675650272756,-9.901294338164274e-05
465.29824262907323,-0.0012257119542764807
465.51974109944626,0.0007408899556490547
465.74125191154155,0.0004131229706614654
465.96277506305444,-3.7556633696469753e-05
466.18431055168,-0.001758333304881313
466.4058583751133,-0.0013486245736468265
466.62741853104944,-1.707119713474543e-05
466.8489910171836,-0.00034483818212233466
467.07057583121093,0.0001468122953590492
467.2921729708264,0.0008023462653342276
467.5137824337254,-7.85275068199184e-05
467.7354042176029,0.0022363268246549306
467.95703832015397,0.0008023462653342276
468.1786847390739,0.00057700646315526
468.40034347205767,-0.00032435274556061035
468.6220145168005,0.0003721520975380168
468.8436978709974,-0.00018095468962854003
469.0653935323436,0.0010481715040749195
469.2871014985342,0.0003311812244145681
469.5088217672643,0.0001468122953590492
469.73055433622915,0.00022875404160594648
469.95229920312363,0.000822831701895952
470.1740563656431,0.0019085598396673413
470.3958258214826,0.001068656940636644
470.61760756833723,-0.00024241099931371303
470.83940160390205,0.0003926375340997411
471.0612079258724,0.0004950647169083627
471.2830265319433,0.0003311812244145681
471.5048574198098,-0.00011949837994336706
471.726700587167,0.000945744321266298
471.94855603171015,0.001396423925624233
472.1704237511344,0.0016627346009266493
472.3923037431348,-0.001000372152097513
472.61419600540637,0.0013759384890625088
472.8361005356445,-0.001246197390838205
473.0580173315441,4.438511255042755e-05
473.2799463908003,0.0003106957878528438
473.50188771110834,0.0001672977319207735
473.72384129016336,-0.0004677508014926806
473.9458071256603,0.00029021035129111946
474.16778521529443,-0.0005292071111778536
474.3897755567609,0.0017241909106118223
474.61177814775476,-0.0015944498123875185
474.8337929859712,-0.0012871682639616537
475.05582006910527,-0.0005701779843013022
475.27785939485216,0.0012120549965687142
475.49991096090696,0.001068656940636644
475.7219747649648,0.0005360355900318114
475.94405080472075,-0.0007955177864802698
476.16613907787007,-0.0005906634208630266
476.38823958210776,-0.001819789614566486
476.61035231512903,0.001007200630951471
476.832477274629,-0.0015534789392640698
477.0546144583027,0.0010276860675131952
477.2767638638454,0.0003721520975380168
477.49892548895207,-0.0008160032230419942
477.721099331318,0.0014783656718711303
477.9432853886382,0.0003926375340997411
478.16548365860785,-0.002065614853307178
478.38769413892203,0.0009867151943897465
478.6099168272759,0.0006589482094021573
478.83215172136454,-0.00028338187243716166
479.0543988188831,-0.00011949837994336706
479.27665811752684,-0.0016763915586344158
479.49892961499063,0.0005360355900318114
479.7212133089698,0.0021748705149697576
479.9435091971594,-0.0014100808833319995
480.1658172772545,0.001519336544994579
480.38813754695036,-0.00032435274556061035
480.61047000394205,0.0009867151943897465
480.8328146459246,0.00022875404160594648
481.0551714705932,0.0006794336459638817
481.27754047564315,-0.0005087216746161293
481.49992165876927,0.0011096278137600925
481.7223150176668,0.0012120549965687142
481.944720550031,0.0008638025750194006
482.1671382535569,-0.0004062944918075076
482.3895681259396,0.00035166666097629246
482.61201016487416,-0.0017993041780047618
482.83446436805593,-0.0006111488574247509
483.0569307331798,0.0006589482094021573
483.279409257941,8.53559856738762e-05
483.5018999400346,-0.001246197390838205
483.7244027771559,0.00057700646315526
483.94691776699983,-0.00048823623805440493
484.16944490726155,0.0008433171384576763
484.39198419563627,0.0008023462653342276
484.6145356298191,0.0004745792803466384
484.83709920750505,0.0015398219815563033
485.05967492638945,0.0009252588847045736
485.2822627841672,-0.0011437702080295835
485.5048627785335,-0.0011642556445913077
485.7274749071836,-0.0007340614767950968
485.9500991678125,0.0007818608287725033
486.1727355581154,0.00012632685879732485
486.3953840757873,0.0016627346009266493
486.6180447185235,-0.0015944498123875185
486.8407174840189,0.0011301132503218167
487.0634023699689,4.438511255042755e-05
487.2860993740684,0.0007204045190873303
487.50880849401267,-0.000303867308998886
487.73152972749676,0.001007200630951471
487.9542630722158,-0.002127071162992351
488.17700852586495,0.0004745792803466384
488.39976608613927,0.00012632685879732485
488.62253575073396,0.002010987022475963
488.84531751734414,-0.001369110010208551
489.0681113836649,0.0007818608287725033
489.2909173473913,0.0011301132503218167
489.51373540621864,0.0018880744031056168
489.736565557842,-0.00042677992836923193
489.95940779995635,0.0005565210265935357
490.18226213025696,-0.0016559061220726915
490.40512854643896,0.002912346231191833
490.62800704619735,-0.0005087216746161293
490.85089762722737,0.0003926375340997411
491.0738002872241,-0.00034483818212233466
491.2967150238827,0.001007200630951471
491.5196418348984,-0.0011437702080295835
491.742580717966,0.0007204045190873303
491.96553167078093,-0.0018402750511282105
492.1884946910383,0.00026972491472939514
492.411469776433,0.0003721520975380168
492.6344569246604,0.0007818608287725033
492.85745613341544,0.0004336084072231897
493.08046740039345,0.0007818608287725033
493.3034907232894,-0.0007955177864802698
493.5265260997984,-0.0006521197305481996
493.74957352761567,0.001457880235309406
493.9726330044364,0.0007204045190873303
494.1957045279554,0.00010584142223560053
494.4187880958682,0.0004540938437849141
494.64188370586976,0.0003311812244145681
494.8649913556551,-0.00022192556275198869
495.0881110429194,-0.00022192556275198869
495.31124276535786,0.001457880235309406
495.5343865206655,-0.0004472653649309563
495.75754230653763,-0.0006521197305481996
495.9807101206692,0.0004540938437849141
496.2038899607553,-0.002188527472677524
496.4270818244912,0.000884288011581125
496.650285709572,0.00010584142223560053
496.87350161369284,0.00022875404160594648
497.0967295345488,0.00020826860504422217
497.31996946983486,-0.0008569740961654428
497.5432214172464,0.0012120549965687142
497.7664853744784,-0.0010823138983444105
497.9897613392261,0.0012325404331304385
498.2130493091846,-0.0004472653649309563
498.4363492820488,0.0001468122953590492
498.65966125551415,-0.0008569740961654428
498.8829852272755,0.0001468122953590492
499.10632119502816,0.0006179773362787087
499.3296691564673,0.0016627346009266493
499.5530291092879,-0.0008774595327271671
499.7764010511851,0.0004540938437849141
499.999784979854,-0.0005701779843013022
500.22318089298983,-0.000365323618684059
500.4465887882877,-0.001492022629578897
500.6700086634427,0.0008638025750194006
500.8934405161499,-0.0005906634208630266
501.1168843441045,-0.0019222167973751078
501.34034014500173,-0.00032435274556061035
501.56380791653646,0.000884288011581125
501.78728765640403,-0.0010208575886592375
502.01077936229944,0.0004131229706614654
502.2342830319179,0.0008023462653342276
502.4577986629546,2.3899675988703222e-05
502.68132625310443,0.0014169093621859575
502.9048658000627,0.0019495307127907898
503.12841730152445,0.00026972491472939514
503.35198075518485,0.001068656940636644
503.575556158739,0.0004950647169083627
503.79914350988213,-7.85275068199184e-05
504.02274280630934,-0.0007135760402333726
504.2463540457155,-0.001000372152097513
504.46997722579613,0.0004950647169083627
504.69361234424605,0.00022875404160594648
504.9172593987605,0.0004745792803466384
505.1409183870346,0.0015398219815563033
505.3645893067635,0.0024206957537104496
505.58827215564224,-0.0008569740961654428
505.8119669313661,0.0001468122953590492
506.03567363163006,-0.000303867308998886
506.25939225412935,0.0005565210265935357
506.4831227965591,-0.0006111488574247509
506.70686525661426,0.0016627346009266493
506.9306196319901,0.0003311812244145681
507.15438592038174,-0.0001604692530668157
507.37816411948427,0.0001468122953590492
507.6019542269929,-0.0006726051671099238
507.8257562406027,0.0003311812244145681
508.0495701580087,-0.000365323618684059
508.27339597690616,0.00012632685879732485
508.4972336949901,-0.001246197390838205
508.7210833099558,6.487054911215187e-05
508.94494481949823,-0.0012052265177147563
509.16881822131256,0.0004336084072231897
509.39270351309403,-0.00024241099931371303
509.61660069253753,-0.0007340614767950968
509.8405097573384,6.487054911215187e-05
510.06443070519174,0.0008638025750194006
510.28836353379256,0.0004745792803466384
510.5123082408361,0.0010891423771983682
510.7362648240173,-0.000365323618684059
510.9602332810316,0.0006999190825256059
511.1842136095738,-0.0016149352489492428
511.4082058073393,-0.0005701779843013022
511.63220987202305,0.0013759384890625088
511.8562258013202,0.0003926375340997411
512.0802535929259,0.0003721520975380168
512.3042932445353,-7.85275068199184e-05
512.5283447538435,0.0007204045190873303
512.7524081185456,0.0012120549965687142
512.9764833363369,-9.901294338164274e-05
513.2005704049122,0.0005565210265935357
513.4246693219669,0.0011710841234452655
513.648780085196,0.001457880235309406
513.8729026922947,-0.001123284771467859
514.097037140958,0.0012325404331304385
514.3211834288812,0.000515550153470087
514.5453415537594,0.0003926375340997411
514.7695115132875,-0.0016559061220726915
514.9936933051608,-0.00011949837994336706
515.2178869270745,-0.0020246439801837293
515.4420923767236,-0.0005292071111778536
515.6663096518033,0.0004950647169083627
515.8905387500087,0.001007200630951471
516.1147796690348,2.3899675988703222e-05
516.339032406577,0.001068656940636644
516.5632969603301,-3.7556633696469753e-05
516.7875733279894,-0.0003858090552457833
517.0118615072502,-0.0006930906036716482
517.2361614958073,-0.00024241099931371303
517.460473291356,0.0006999190825256059
517.6847968915914,-0.001881245924251659
517.9091322942087,0.0006999190825256059
518.1334794969029,0.000945744321266298
518.3578384973691,0.0001672977319207735
518.5822092933025,-0.0008979449692888915
518.8065918823984,0.001457880235309406
519.0309862623516,-0.00024241099931371303
519.2553924308575,-0.0005701779843013022
519.4798103856109,0.0004540938437849141
519.7042401243073,0.0010891423771983682
519.9286816446415,0.0014373947987476818
520.1531349443089,-0.0016149352489492428
520.3776000210045,0.0010276860675131952
520.6020768724235,0.001519336544994579
520.8265654962609,-0.0006930906036716482
521.0510658902118,0.00012632685879732485
521.2755780519715,0.0007818608287725033
521.500101979235,0.001068656940636644
521.7246376696975,-9.901294338164274e-05
521.949185121054,-0.0004472653649309563
522.1737443309997,-0.0008160032230419942
522.3983152972299,0.0024411811902721736
522.6228980174395,0.0008638025750194006
522.8474924893236,0.0007408899556490547
523.0720987105775,-0.001061828461782686
523.2967166788962,0.0012325404331304385
523.5213463919749,-0.0013486245736468265
523.7459878475088,0.00026972491472939514
523.9706410431928,-0.001184741081153032
524.1953059767221,0.002154385078408033
524.419982645792,-0.0007750323499185455
524.6446710480974,0.0009662297578280222
524.8693711813335,0.00285088992150666
525.0940830431955,4.438511255042755e-05
525.3188066313785,0.0014783656718711303
525.5435419435776,0.00029021035129111946
525.7682889774878,0.0004950647169083627
525.9930477308045,0.001068656940636644
526.2178182012226,0.0005974918997169843
526.4426003864373,0.0004540938437849141
526.6673942841438,0.0011301132503218167
526.8921998920371,0.00133496761593906
527.1170172078124,0.0012120549965687142
527.3418462291648,0.00022875404160594648
527.5666869537895,-0.0006930906036716482
527.7915393793814,0.0007408899556490547
528.016403503636,0.00029021035129111946
528.241279324248,-0.0012257119542764807
528.4661668389128,0.0010891423771983682
528.6910660453256,0.0005360355900318114
528.9159769411813,0.00020826860504422217
529.140899524175,0.0009047734481428492
529.365833792002,-0.001369110010208551
529.5907797423574,0.0006794336459638817
529.8157373729364,0.000822831701895952
530.0407066814338,0.0027484627386980386
530.2656876655451,0.002277297697778379
530.4906803229652,0.0018675889665438926
530.7156846513893,-0.0017378478683195888
530.9407006485125,0.0006179773362787087
531.16572831203,0.0004540938437849141
531.3907676396368,0.0008433171384576763
531.6158186290282,0.0007204045190873303
531.8408812778991,0.0012530258696921627
532.0659555839449,-5.804207025819408e-05
532.2910415448605,0.0016012782912414763
532.516139158341,-0.00042677992836923193
532.7412484220818,0.0012735113062538872
532.9663693337777,-0.000365323618684059
533.1915018911241,0.0009662297578280222
533.4166460918159,0.0007204045190873303
533.6418019335484,-0.0006726051671099238
533.8669694140167,0.00029021035129111946
534.0921485309158,0.0013759384890625088
534.3173392819408,-0.0006316342939864752
534.5425416647871,0.0016012782912414763
534.7677556771497,-0.0006726051671099238
534.9929813167236,0.0014988511084328548
535.2182185812039,-0.002106585726430627
535.443467468286,0.0010276860675131952
535.6687279756648,0.0012735113062538872
535.8940001010355,-0.00020144012619026437
536.1192838420932,0.0006999190825256059
536.344579196533,0.0004950647169083627
536.5698861620501,0.0006794336459638817
536.7952047363397,0.0007204045190873303
537.0205349170967,0.0009662297578280222
537.2458767020164,0.0012120549965687142
537.4712300887937,0.0001672977319207735
537.6965950751242,-0.00022192556275198869
537.9219716587024,-0.0001399838165050914
538.1473598372239,0.0021953559515314816
538.3727596083837,3.4142394269788964e-06
538.5981709698768,0.0004336084072231897
538.8235939193985,0.0026255501193276926
539.0490284546439,-0.000365323618684059
539.274474573308,0.0010891423771983682
539.499932273086,-9.901294338164274e-05
539.725401551673,0.0003721520975380168
539.9508824067642,-0.0014715371930171725
540.1763748360547,0.0006794336459638817
540.4018788372396,4.438511255042755e-05
540.627394408014,0.00010584142223560053
540.852921546073,8.53559856738762e-05
541.0784602491118,0.0008023462653342276
541.3040105148256,0.000515550153470087
541.5295723409093,0.0009867151943897465
541.7551457250584,0.0013554530525007845
541.9807306649675,-0.001430566319893724
542.2063271583321,0.0004336084072231897
542.4319352028473,0.00020826860504422217
542.6575547962082,0.000638462772840433
542.8831859361097,-0.00042677992836923193
543.1088286202473,0.00012632685879732485
543.3344828463158,-9.901294338164274e-05
543.5601486120106,0.0001672977319207735
543.7858259150266,0.0009047734481428492
544.011514753059,-3.7556633696469753e-05
544.237215123803,0.0006179773362787087
544.4629270249537,0.002031472459037687
544.6886504542061,0.0010891423771983682
544.9143854092555,0.009160404382517752
545.1401318877969,-0.0005292071111778536
545.3658898875256,0.0018471035299821683
545.5916594061364,0.00029021035129111946
545.8174404413247,0.0007818608287725033
546.0432329907856,-0.0019017313608133833
546.2690370522141,-0.00011949837994336706
546.4948526233054,0.00209292876872286
546.7206797017546,0.0021134142052845846
546.9465182852571,0.0012120549965687142
547.1723683715074,-7.85275068199184e-05
547.3982299582012,0.0024206957537104496
547.6241030430335,0.0020519578955994116
547.8499876236993,-0.0006930906036716482
548.0758836978938,0.0003926375340997411
548.301791263312,0.000884288011581125
548.5277103176493,0.0014169093621859575
548.7536408586004,0.0012939967428156115
548.9795828838609,0.0001468122953590492
549.2055363911256,0.001007200630951471
549.4315013780899,0.0012530258696921627
549.6574778424487,-0.0006726051671099238
549.883465781897,-0.00024241099931371303
550.1094651941303,-0.0013281391370851023
550.3354760768435,0.0010276860675131952
550.5614984277317,0.001007200630951471
550.7875322444902,0.001580792854679752
551.013577524814,0.0019905015859142386
551.2396342663982,0.001457880235309406
551.465702466938,-0.000303867308998886
551.6917821241285,0.00022875404160594648
551.9178732356647,0.001068656940636644
552.143975799242,-0.0003858090552457833
552.3700898125553,0.0014373947987476818
552.5962152732998,0.0012939967428156115
552.8223521791707,0.0008023462653342276
553.048500527863,0.0007204045190873303
553.2746603170718,-0.0004472653649309563
553.5008315444924,0.0004540938437849141
553.7270142078197,-0.001000372152097513
553.9532083047491,0.0008638025750194006
554.1794138329755,-0.0004472653649309563
554.4056307901941,0.0010481715040749195
554.6318591741001,0.0007204045190873303
554.8580989823885,0.0003106957878528438
555.0843502127544,-0.0005292071111778536
555.3106128628931,0.0003106957878528438
555.5368869304997,0.000515550153470087
555.7631724132692,0.0009252588847045736
555.9894693088968,0.001970016149352514
556.2157776150775,0.0004540938437849141
556.4420973295066,0.0005360355900318114
556.6684284498792,0.0008023462653342276
556.8947709738904,0.000638462772840433
557.1211248992353,0.0011710841234452655
557.347490223609,0.0011710841234452655
557.5738669447067,0.0003721520975380168
557.8002550602234,0.000515550153470087
558.0266545678545,0.0012939967428156115
558.2530654652949,0.002830404484944936
558.4794877502396,0.0021748705149697576
558.705921420384,-0.0001399838165050914
558.9323664734231,0.0003721520975380168
559.1588229070521,-0.0005701779843013022
559.3852907189661,0.0008023462653342276
559.6117699068601,-0.0009389158424123401
559.8382604684293,0.0014783656718711303
560.064762401369,0.0012530258696921627
560.291275703374,-0.00048823623805440493
560.5178003721397,0.0003721520975380168
560.7443364053612,0.0007204045190873303
560.9708838007334,0.00012632685879732485
561.1974425559517,0.0007613753922107789
561.424012668711,-0.00028338187243716166
561.6505941367067,0.0010891423771983682
561.8771869576335,0.0020519578955994116
562.103791129187,0.0018675889665438926
562.330406649062,0.002277297697778379
562.5570335149538,-0.00022192556275198869
562.7836717245574,-7.85275068199184e-05
563.010321275568,-0.0006111488574247509
563.2369821656807,0.000638462772840433
563.4636543925907,0.0013759384890625088
563.690337953993,-0.0006726051671099238
563.9170328475827,0.00029021035129111946
564.1437390710552,0.0011301132503218167
564.3704566221054,-0.000303867308998886
564.5971854984283,2.3899675988703222e-05
564.8239256977193,0.0005565210265935357
565.0506772176735,0.0006179773362787087
565.2774400559858,-3.7556633696469753e-05
565.5042142103516,-0.00018095468962854003
565.7309996784659,0.0019495307127907898
565.9577964580237,-0.00042677992836923193
566.1846045467203,0.0001672977319207735
566.4114239422508,3.4142394269788964e-06
566.6382546423102,0.00018778316848249782
566.8650966445938,0.0001672977319207735
567.0919499467967,0.0001672977319207735
567.3188145466139,0.0003106957878528438
567.5456904417407,-0.00011949837994336706
567.772577629872,-0.0011642556445913077
567.9994761087031,0.0013144821793773357
568.226385875929,0.0004336084072231897
568.4533069292451,0.00022875404160594648
568.6802392663462,0.0004950647169083627
568.9071828849276,0.002789433611821487
569.1341377826843,-0.00020144012619026437
569.3611039573116,-0.0008569740961654428
569.5880814065044,0.002584579246204244
569.815070127958,0.0013554530525007845
570.0420701193676,-0.000303867308998886
570.2690813784283,-7.85275068199184e-05
570.4961039028349,-0.0001604692530668157
570.7231376902829,0.003342540398988044
570.9501827384671,0.007767394696320498
571.177239045083,-0.000365323618684059
571.4043066078256,0.0011301132503218167
571.6313854243897,0.0012325404331304385
571.8584754924709,0.0011505986868835412
572.0855768097641,0.0004336084072231897
572.3126893739644,0.002031472459037687
572.5398131827669,0.0003721520975380168
572.766948233867,-0.0006316342939864752
572.9940945249595,0.001068656940636644
573.2212520537396,0.00057700646315526
573.4484208179025,0.0005360355900318114
573.6756008151433,0.0012120549965687142
573.9027920431571,0.00026972491472939514
574.1299944996391,0.0008023462653342276
574.3572081822844,0.002646035555889417
574.584433088788,0.0021134142052845846
574.8116692168452,-0.0004677508014926806
575.038916564151,0.0004540938437849141
575.2661751284006,0.0008638025750194006
575.4934449072891,8.53559856738762e-05
575.7207258985118,0.0004131229706614654
575.9480180997634,0.0007204045190873303
576.1753215087394,0.0013554530525007845
576.4026361231348,0.0011301132503218167
576.6299619406448,-0.00028338187243716166
576.8572989589643,0.0011915695600069897
577.0846471757887,0.0003311812244145681
577.312006588813,0.0014169093621859575
577.5393771957323,0.0018471035299821683
577.7667589942419,0.0017241909106118223
577.9941519820366,-0.0004062944918075076
578.2215561568117,0.0018061326568587195
578.4489715162625,-0.0001399838165050914
578.6763980580839,0.0014988511084328548
578.9038357799711,0.0003106957878528438
579.1312846796192,0.0022568122612166546
579.3587447547234,0.0003721520975380168
579.5862160029786,0.000884288011581125
579.8136984220803,0.0006794336459638817
580.0411920097233,0.0003721520975380168
580.2686967636029,0.0007204045190873303
580.4962126814141,0.0018880744031056168
580.7237397608521,0.0009047734481428492
580.9512779996121,0.0019085598396673413
581.1788273953891,-0.000365323618684059
581.4063879458784,0.0017241909106118223
581.6339596487749,0.0005565210265935357
581.8615425017738,0.0003926375340997411
582.0891365025702,-0.0014100808833319995
582.3167416488594,0.001457880235309406
582.5443579383364,0.0011915695600069897
582.7719853686963,0.001457880235309406
582.9996239376343,-0.0008774595327271671
583.2272736428454,0.0008638025750194006
583.4549344820248,0.0006794336459638817
583.6826064528676,0.00020826860504422217
583.9102895530691,-0.00026289643587543734
584.1379837803242,0.0006794336459638817
584.3656891323282,0.0001672977319207735
584.5934056067761,0.00012632685879732485
584.8211332013628,0.0006179773362787087
585.0488719137841,0.002277297697778379
585.2766217417344,-0.0016763915586344158
585.5043826829093,-0.0004472653649309563
585.7321547350037,0.0005360355900318114
585.9599378957129,0.0009662297578280222
586.1877321627319,-0.0005906634208630266
586.4155375337558,0.0016832200374883735
586.6433540064796,0.002072443332161136
586.8711815785988,0.0012120549965687142
587.0990202478083,0.00133496761593906
587.3268700118033,0.0018675889665438926
587.5547308682787,0.0003926375340997411
587.7826028149299,0.0013759384890625088
588.0104858494519,0.0025026374999573466
588.2383799695399,0.0019290452762290656
588.466285172889,-0.0008160032230419942
588.6942014571941,-0.0006726051671099238
588.9221288201508,-1.707119713474543e-05
589.1500672594537,0.001007200630951471
589.3780167727983,0.0005974918997169843
589.6059773578796,0.002215841388093206
589.8339490123928,-0.0012666828273999293
590.0619317340329,0.0004336084072231897
590.2899255204951,0.0008433171384576763
590.5179303694745,0.0011301132503218167
590.7459462786661,0.0017856472202969953
590.9739732457654,-0.00026289643587543734
591.2020112684671,0.0021134142052845846
591.4300603444666,0.000638462772840433
591.6581204714589,0.0007818608287725033
591.8861916471392,-1.707119713474543e-05
592.1142738692025,-0.0010413430252209617
592.342367135344,0.0004745792803466384
592.5704714432591,-0.00018095468962854003
592.7985867906424,0.0011710841234452655
593.0267131751893,0.000884288011581125
593.254850594595,-0.00024241099931371303
593.4829990465546,-0.00032435274556061035
593.7111585287631,0.0006179773362787087
593.9393290389156,-0.00022192556275198869
594.1675105747075,0.0003926375340997411
594.3957031338336,0.000515550153470087
594.6239067139893,0.002727977302136314
594.8521213128696,0.00026972491472939514
595.0803469281695,0.0010891423771983682
595.3085835575843,0.00010584142223560053
595.5368311988091,-0.001369110010208551
595.765089849539,0.001068656940636644
595.9933595074691,0.0012939967428156115
596.2216401702946,0.0011505986868835412
596.4499318357105,0.0011710841234452655
596.6782345014121,0.0003311812244145681
596.9065481650944,0.00012632685879732485
597.1348728244525,0.0004131229706614654
597.3632084771816,0.001396423925624233
597.5915551209768,8.53559856738762e-05
597.8199127535333,0.002154385078408033
598.0482813725461,0.002277297697778379
598.2766609757105,0.0014783656718711303
598.5050515607213,-0.00028338187243716166
598.733453125274,0.0021748705149697576
598.9618656670635,-0.0016968769951961403
599.190289183785,-0.00026289643587543734
599.4187236731336,-0.00018095468962854003
599.6471691328045,0.0025640938096425196
599.8756255604927,0.0014783656718711303
600.1040929538934,0.00209292876872286
600.3325713107018,0.0011505986868835412
600.5610606286128,0.001068656940636644
600.7895609053218,4.438511255042755e-05
601.0180721385237,-7.85275068199184e-05
601.2465943259139,0.0019290452762290656
601.4751274651871,0.00026972491472939514
601.7036715540388,-0.0003858090552457833
601.9322265901641,0.00057700646315526
602.1607925712578,0.0004950647169083627
602.3893694950154,4.438511255042755e-05
602.6179573591319,-0.0010413430252209617
602.8465561613023,-0.0008569740961654428
603.0751658992218,-0.0011642556445913077
603.3037865705857,0.001396423925624233
603.5324181730888,0.000638462772840433
603.7610607044265,-0.0001604692530668157
603.9897141622938,0.002072443332161136
604.2183785443859,0.0002492394781676708
604.4470538483979,-0.0010208575886592375
604.675740072025,0.00057700646315526
604.9044372129621,-0.0001399838165050914
605.1331452689044,0.000884288011581125
605.3618642375471,0.0007818608287725033
605.5905941165854,0.0007408899556490547
605.8193349037143,0.0005360355900318114
606.048086596629,-0.00018095468962854003
606.2768491930245,0.00133496761593906
606.5056226905962,-0.00032435274556061035
606.7344070870388,6.487054911215187e-05
606.9632023800478,0.002215841388093206
607.1920085673182,0.0009047734481428492
607.420825646545,0.0021953559515314816
607.6496536154236,-0.0013281391370851023
607.8784924716489,0.005964676278888758
608.1073422129161,0.00012632685879732485
608.3362028369203,0.00029021035129111946
608.5650743413568,0.0006999190825256059
608.7939567239204,0.0006179773362787087
609.0228499823064,0.002010987022475963
609.2517541142099,0.0023592394440252766
609.4806691173262,6.487054911215187e-05
609.7095949893501,0.002010987022475963
609.9385317279771,0.0007204045190873303
610.167479330902,0.0014169093621859575
610.39643779582,0.0013144821793773357
610.6254071204263,-0.0011027993349061347
610.8543873024162,0.0022977831343401036
611.0833783394844,0.0011301132503218167
611.3123802293263,0.00035166666097629246
611.5413929696371,0.0019085598396673413
611.7704165581117,-0.001246197390838205
611.9994509924454,0.00035166666097629246
612.2284962703332,-0.0007750323499185455
612.4575523894703,0.0007204045190873303
612.6866193475518,-0.0005906634208630266
612.9156971422728,-0.0005087216746161293
613.1447857713287,-0.0004062944918075076
613.3738852324142,0.0027484627386980386
613.6029955232245,-0.001061828461782686
613.8321166414551,0.0013759384890625088
614.0612485848006,0.0005360355900318114
614.2903913509565,-0.00026289643587543734
614.519544937618,-0.0009184304058506157
614.7487093424799,0.0004131229706614654
614.9778845632374,-0.00022192556275198869
615.2070705975857,0.00029021035129111946
615.43626744322,0.00022875404160594648
615.6654750978353,0.0011096278137600925
615.8946935591268,-0.00022192556275198869
616.1239228247896,-0.001061828461782686
616.3531628925189,-0.0008569740961654428
616.5824137600096,0.0005360355900318114
616.811675424957,-7.85275068199184e-05
617.0409478850563,0.0013554530525007845
617.2702311380025,-0.00032435274556061035
617.4995251814906,0.0014988511084328548
617.7288300132161,0.0004540938437849141
617.9581456308738,0.002072443332161136
618.187472032159,0.0010276860675131952
618.4168092147667,0.00029021035129111946
618.646157176392,-7.85275068199184e-05
618.8755159147302,8.53559856738762e-05
619.1048854274763,-0.0011437702080295835
619.3342657123255,0.0021748705149697576
619.5636567669728,-0.00026289643587543734
619.7930585891136,0.0013759384890625088
620.0224711764427,-0.0005906634208630266
620.2518945266554,0.0004131229706614654
620.4813286374467,0.0006794336459638817
620.7107735065119,0.0007613753922107789
620.9402291315461,-0.0009798867155357887
621.1696955102442,0.0001672977319207735
621.3991726403016,0.00018778316848249782
621.6286605194133,0.0004950647169083627
621.8581591452745,-0.0018402750511282105
622.0876685155802,0.00020826860504422217
622.3171886280255,0.000884288011581125
622.5467194803058,0.0008638025750194006
622.776261070116,-0.0005292071111778536
623.0058133951512,0.001457880235309406
623.2353764531067,0.00035166666097629246
623.4649502416775,0.0005565210265935357
623.6945347585587,0.0004336084072231897
623.9241300014455,0.00026972491472939514
624.153735968033,-0.0001399838165050914
624.3833526560163,8.53559856738762e-05
624.6129800630906,-0.001123284771467859
624.842618186951,0.001519336544994579
625.0722670252925,0.00029021035129111946
625.3019265758105,0.000822831701895952
625.5315968361998,0.0001672977319207735
625.7612778041557,-0.0009184304058506157
625.9909694773734,-9.901294338164274e-05
626.2206718535479,0.000884288011581125
626.4503849303743,-0.0009184304058506157
626.6801087055478,2.3899675988703222e-05
626.9098431767636,0.00057700646315526
627.1395883417167,-0.001000372152097513
627.3693441981022,0.0003311812244145681
627.5991107436154,-9.901294338164274e-05
627.8288879759511,-0.001369110010208551
628.0586758928048,0.0006794336459638817
628.2884744918715,-0.0001399838165050914
628.5182837708463,0.0020519578955994116
628.7481037274242,0.00018778316848249782
628.9779343593005,0.001146446928730904
629.2077756641703,-0.002111615500800186
629.4376276397287,0.0006348339291377743
629.6674902836708,0.0004123411078920737
629.8973635936917,0.001900374877367037
630.1272475674866,0.00031124124388889993
630.3571422027507,0.0021651310544329883
630.5870474971789,0.0007796511228798762
630.8169634484665,0.0008857587664831992
631.0468900543085,0.0011940208506021684
631.2768273124002,-0.00011805190333501447
631.5067752204366,0.00043356217038386416
631.7367337761128,-0.0002831604161639919
631.966702977124,-0.0006104149928263767
632.1966828211654,2.3752010457466516e-05
632.426673305932,-0.0014969802037979156
632.6566744291189,0.0014806903867198456
632.8866861884212,0.002032983844432839
633.1167085815343,0.0009447310569574423
633.346741606153,0.0013792476863711488
633.5767852599727,-0.00028033178564104407
633.8068395406882,0.0010245822836052517
634.036904445995,0.00045303545092239357
634.2669799735878,0.002180425708116019
634.4970661211622,0.0011285296167490555
634.727162886413,4.40837490032242e-05
634.9572702670354,0.0003913184696414625
635.1873882607246,0.0009454516443098819
635.4175168651756,-0.001673305507093539
635.6476560780836,0.0008385332590165763
635.8778058971437,-0.0016163488886774353
636.1079663200511,0.0012201469383736998
636.3381373445008,-0.0002822517208254224
636.568318968188,0.0014351204594098825
636.7985111888079,-0.00028466287646104944
637.0287140040555,0.0004522926488121487
637.258927411626,-0.0003866622072794472
637.4891514092144,0.0019378691204417645
637.7193859945161,-0.00024031713389667685
637.9496311652259,-7.88467427453035e-05
638.1798869190391,0.004153264177519541
638.4101532536508,6.502575387564551e-05
638.6404301667562,-0.0010212291256553848
638.8707176560503,0.0005357895734076441
639.1010157192284,-0.00016196437071699035
639.3313243539853,-0.0008985824109997393
639.5616435580164,-0.0007306367401975675
639.7919733290169,0.0021771568085705547
640.0223136646816,0.0006476260904863275
640.2526645627058,-0.0014890528008986176
640.4830260207848,-0.0020709660708122337
640.7133980366134,-0.0001490287889416592
640.943780607887,-0.0006382833693534368
641.1741737323006,0.0011551207923448557
641.4045774075494,-0.0012065949122811875
641.6349916313283,-0.0012696874130255895
641.8654164013327,-0.0005264835852491078
642.0958517152576,0.0010264248030215372
642.326297570798,0.0016890619528450537
642.5567539656494,0.00035881540223242815
642.7872208975065,0.0003861484149199984
643.0176983640647,0.0010897112549775885
643.248186363019,0.0008989182056816296
643.4786848920646,2.5771319752041164e-05
643.7091939488967,-0.0007940489766744743
643.9397135312101,0.0006921708165223242
644.1702436367003,-1.847458674685854e-05
644.4007842630623,0.000466190466339389
644.6313354079912,-0.0003924768501802781
644.8618970691821,0.0006416439063775011
645.09246924433,-8.532735747081225e-05
645.3230519311303,0.0004960172874162103
645.5536451272781,-0.0009886610432301836
645.7842488304683,0.0011115561685373185
646.0148630383961,0.000471864309748262
646.2454877487568,0.0011323510842033255
646.4761229592453,-0.0002992781331256762
646.706768667557,0.001343707532849275
646.9374248713867,0.0006242015996060912
647.1680915684298,0.0006675961599705106
647.3987687563812,0.0010731092277644141
647.6294564329362,-0.0003676812398079785
647.8601545957898,0.0018133241523811874
648.0908632426373,3.40902197788431e-06
648.3215823711736,6.487054911215187e-05
648.5523119790939,0.000884288011581125
648.7830520640935,-0.0012257119542764807
649.0138026238673,-0.000365323618684059
649.2445636561106,-0.0015125080661406213
649.4753351585184,-0.0001604692530668157
649.7061171287859,-0.0016763915586344158
649.9369095646081,-0.00048823623805440493
650.1677124636802,0.000945744321266298
650.3985258236975,-3.7556633696469753e-05
650.6293496423548,4.438511255042755e-05
650.8601839173475,0.0007204045190873303
651.0910286463707,-0.00026289643587543734
651.3218838271192,0.0004745792803466384
651.5527494572885,-0.0004472653649309563
651.7836255345737,2.3899675988703222e-05
652.0145120566697,-0.000365323618684059
652.2454090212718,-0.0007750323499185455
652.4763164260751,-0.0005292071111778536
652.7072342687746,0.0003721520975380168
652.9381625470656,-0.00028338187243716166
653.1691012586432,0.001007200630951471
653.4000504012024,-0.0023933818382947674
653.6310099724385,-0.00026289643587543734
653.8619799700464,0.001580792854679752
654.0929603917215,0.0024206957537104496
654.3239512351587,-1.707119713474543e-05
654.5549524980532,0.0004336084072231897
654.7859641781001,-0.0011027993349061347
655.0169862729947,0.0002492394781676708
655.248018780432,0.0012530258696921627
655.4790616981069,-0.0007545469133568212
655.7101150237148,-0.000365323618684059
655.9411787549508,-0.0009594012789740645
656.1722528895101,0.00022875404160594648
656.4033374250876,0.0018471035299821683
656.6344323593785,0.001703705474050098
656.8655376900781,0.000638462772840433
657.0966534148813,-7.85275068199184e-05
657.3277795314833,-0.0017378478683195888
657.5589160375793,0.0003106957878528438
657.7900629308643,0.0004540938437849141
658.0212202090337,-0.0005496925477395779
658.2523878697822,-0.0011642556445913077
658.4835659108052,-0.0009594012789740645
658.7147543297979,8.53559856738762e-05
658.9459531244551,-0.0007135760402333726
659.1771622924722,0.001519336544994579
659.4083818315443,0.0013554530525007845
659.6396117393664,0.0016832200374883735
659.8708520136338,-0.000365323618684059
660.1021026520415,0.0019905015859142386
660.3333636522846,2.3899675988703222e-05
660.5646350120583,3.4142394269788964e-06
660.7959167290577,0.0004745792803466384
661.027208800978,0.0007408899556490547
661.2585112255142,-0.00028338187243716166
661.4898240003614,-0.0001399838165050914
661.7211471232149,-0.0013895954467702753
661.9524805917697,0.00133496761593906
662.183824403721,-0.0005292071111778536
662.415178556764,0.0005360355900318114
662.6465430485935,0.0009867151943897465
662.8779178769049,-5.804207025819408e-05
663.1093030393934,6.487054911215187e-05
663.3406985337539,-0.0004062944918075076
663.5721043576815,-0.0001399838165050914
663.8035205088715,0.00026972491472939514
664.034946985019,0.0004950647169083627
664.2663837838192,-0.0003858090552457833
664.4978309029669,-0.001819789614566486
664.7292883401576,-0.0005087216746161293
664.9607560930863,0.0023182685709018276
665.192234159448,-0.0009184304058506157
665.4237225369379,-0.0008364886596037185
665.6552212232513,0.0019905015859142386
665.8867302160829,0.0004540938437849141
666.1182495131284,0.0010276860675131952
666.3497791120825,-0.001942702233936832
666.5813190106404,-3.7556633696469753e-05
666.8128692064973,0.002031472459037687
667.0444296973484,0.0022363268246549306
667.2760004808887,0.0010276860675131952
667.5075815548132,-0.0005701779843013022
667.7391729168173,-0.0007955177864802698
667.970774564596,-0.0005496925477395779
668.2023864958445,-0.0006726051671099238
668.4340087082577,-0.00028338187243716166
668.665641199531,0.0021338996418463086
668.8972839673594,0.0007204045190873303
669.128937009438,0.0011301132503218167
669.3606003234619,-5.804207025819408e-05
669.5922739071264,-0.000303867308998886
669.8239577581264,-0.0007545469133568212
670.0556518741573,-0.00022192556275198869
670.2873562529139,0.0004540938437849141
670.5190708920916,0.0021338996418463086
670.7507957893854,0.000515550153470087
670.9825309424904,-0.0014715371930171725
671.2142763491017,-0.0001399838165050914
671.4460320069146,-0.0005701779843013022
671.6777979136242,-0.0005496925477395779
671.9095740669254,-5.804207025819408e-05
672.1413604645135,0.0011096278137600925
672.3731571040836,-0.0016559061220726915
672.6049639833308,0.0013554530525007845
672.8367810999504,-0.000365323618684059
673.0686084516371,0.0006179773362787087
673.3004460360866,-0.0013281391370851023
673.5322938509935,0.00012632685879732485
673.7641518940532,0.0009047734481428492
673.9960201629608,0.0008023462653342276
674.2278986554114,-0.0013486245736468265
674.4597873691001,4.438511255042755e-05
674.6916863017221,-0.00028338187243716166
674.9235954509726,4.438511255042755e-05
675.1555148145464,-0.00028338187243716166
675.387444390139,0.000945744321266298
675.6193841754451,-0.0016354206855109673
675.8513341681603,0.0006179773362787087
676.0832943659794,-0.0008364886596037185
676.3152647665978,0.0014373947987476818
676.5472453677104,-0.00032435274556061035
676.7792361670123,0.0009662297578280222
677.0112371621987,0.002523122936519071
677.2432483509648,-0.0012257119542764807
677.4752697310056,0.001007200630951471
677.7073013000164,0.0009662297578280222
677.9393430556922,-0.0008364886596037185
678.1713949957281,0.0006999190825256059
678.4034571178192,-0.0011027993349061347
678.6355294196608,0.0009252588847045736
678.8676118989479,0.0004336084072231897
679.0997045533755,0.0001468122953590492
679.331807380639,-0.0009798867155357887
679.5639203784335,0.0009047734481428492
679.7960435444539,-0.0009389158424123401
680.0281768763954,0.0011915695600069897
680.2603203719533,0.0004950647169083627
680.4924740288226,0.0022568122612166546
680.7246378446982,0.0003926375340997411
680.9568118172757,0.0001468122953590492
681.1889959442499,-0.000365323618684059
681.421190223316,-0.0004677508014926806
681.653394652169,0.0006999190825256059
681.8856092285043,0.0015603074181180278
682.1178339500169,-0.0011027993349061347
682.3500688144019,0.00020826860504422217
682.5823138193543,-7.85275068199184e-05
682.8145689625695,-0.0007955177864802698
683.0468342417424,-0.001983673107060281
683.2791096545683,-0.0015739643758257943
683.5113951987422,-0.001061828461782686
683.7436908719592,0.0012325404331304385
683.9759966719146,-0.0018402750511282105
684.2083125963032,-0.0006726051671099238
684.4406386428205,-0.0004062944918075076
684.6729748091615,-0.000303867308998886
684.9053210930213,-0.0007545469133568212
685.1376774920949,-0.0005292071111778536
685.3700440040776,-0.00048823623805440493
685.6024206266644,-7.85275068199184e-05
685.8348073575506,-0.00020144012619026437
686.0672041944312,-0.0011437702080295835
686.2996111350012,-0.0005292071111778536
686.532028176956,-0.00011949837994336706
686.7644553179906,-0.0014715371930171725
686.9968925558001,6.487054911215187e-05
687.2293398880796,-0.00026289643587543734
687.4617973125244,0.0007204045190873303
687.6942648268293,-0.0004677508014926806
687.9267424286899,0.0002492394781676708
688.1592301158008,-0.00028338187243716166
688.3917278858574,-0.00034483818212233466
688.624235736555,-0.0015944498123875185
688.8567536655884,0.0001672977319207735
689.0892816706529,-0.0007750323499185455
689.3218197494435,0.0006794336459638817
689.5543678996554,-0.0008364886596037185
689.7869261189838,-5.804207025819408e-05
690.0194944051237,-0.0010413430252209617
690.2520727557704,0.000945744321266298
690.4846611686188,0.000884288011581125
690.7172596413642,4.438511255042755e-05
690.9498681717016,0.0002492394781676708
691.1824867573263,0.003096715160247352
691.4151153959332,-0.00048823623805440493
691.6477540852176,0.0008638025750194006
691.8804028228744,-0.0011642556445913077
692.1130616065991,0.0003721520975380168
692.3457304340865,-0.0006521197305481996
692.5784093030319,0.0017446763471735465
692.8110982111303,8.53559856738762e-05
693.043797156077,-0.0011027993349061347
693.2765061355669,0.0003106957878528438
693.5092251472953,-0.0012666828273999293
693.7419541889573,0.0027484627386980386
693.974693258248,-0.0008160032230419942
694.2074423528625,0.0012325404331304385
694.4402014704959,-0.0006316342939864752
694.6729706088433,-0.0013486245736468265
694.9057497656001,-0.0011027993349061347
695.1385389384611,-9.901294338164274e-05
695.3713381251216,-0.0008569740961654428
695.6041473232767,0.0007204045190873303
695.8369665306215,-0.001000372152097513
696.069795744851,-0.0016149352489492428
696.3026349636607,0.0015603074181180278
696.5354841847453,-0.0004677508014926806
696.7683434058001,-0.0004062944918075076
697.0012126245202,-0.0027826051329675294
697.2340918386009,-0.0029669740620230484
697.4669810457372,-0.0004062944918075076
697.6998802436241,-7.85275068199184e-05
697.9327894299568,0.001457880235309406
698.1657086024305,-0.0009184304058506157
698.3986377587404,-0.00011949837994336706
698.6315768965814,-0.0018402750511282105
698.8645260136487,0.000638462772840433
699.0974851076376,-0.00011949837994336706
699.3304541762429,0.001580792854679752
699.5634332171601,-0.0005087216746161293
699.796422228084,0.0006999190825256059
700.02942120671,0.0012120549965687142
700.262430150733,-0.0001604692530668157
700.4954490578482,-0.001307653700523378
700.7284779257509,-0.0012871682639616537
700.9615167521359,0.0005565210265935357
701.1945655346987,0.00020826860504422217
701.4276242711339,-0.0031718284276402915
701.6606929591372,-0.000303867308998886
701.8937715964034,-0.0011437702080295835
702.1268601806277,0.000638462772840433
702.3599587095052,-1.707119713474543e-05
702.5930671807312,-0.0008774595327271671
702.8261855920005,-0.002065614853307178
703.0593139410084,0.0001672977319207735
703.2924522254501,-0.0034791099760661565
703.5256004430207,-0.001000372152097513
703.7587585914152,-0.001000372152097513
703.9919266683288,-0.0007340614767950968
704.2251046714567,-0.0015944498123875185
704.4582925984939,-1.707119713474543e-05
704.6914904471356,-5.804207025819408e-05
704.924698215077,2.3899675988703222e-05
705.157915900013,0.0024206957537104496
705.3911434996389,0.0007613753922107789
705.6243810116498,0.00012632685879732485
705.8576284337408,0.0018471035299821683
706.0908857636072,-0.0004062944918075076
706.3241529989438,-0.0005906634208630266
706.5574301374459,0.0001468122953590492
706.7907171768086,0.0009252588847045736
707.0240141147272,-0.0007135760402333726
707.2573209488964,0.0009662297578280222
707.4906376770117,-0.0008569740961654428
707.7239642967681,0.0008433171384576763
707.9573008058609,-0.0006930906036716482
708.1906472019849,0.0004540938437849141
708.4240034828355,-0.00020144012619026437
708.6573696461077,-0.0010823138983444105
708.8907456894966,0.0007613753922107789
709.1241316106974,0.0009047734481428492
709.3575274074052,0.0009252588847045736
709.5909330773151,-0.000365323618684059
709.8243486181223,-0.0008569740961654428
710.0577740275219,0.000638462772840433
710.2912093032089,0.0003311812244145681
710.5246544428786,0.000515550153470087
710.7581094442261,-3.7556633696469753e-05
710.9915743049464,-0.0005906634208630266
711.2250490227348,-5.804207025819408e-05
711.4585335952862,8.53559856738762e-05
711.6920280202959,-0.0017378478683195888
711.925532295459,0.0004540938437849141
712.1590464184707,0.0012939967428156115
712.3925703870259,0.0010276860675131952
712.6261041988199,-0.002106585726430627
712.8596478515478,-0.00018095468962854003
713.0932013429048,0.00010584142223560053
713.3267646705857,-0.0010823138983444105
713.5603378322861,0.001826618093420444
713.7939208257008,-0.002045129416745454
714.027513648525,-0.0005701779843013022
714.2611162984539,0.0004745792803466384
714.4947287731825,-3.7556633696469753e-05
714.7283510704061,-3.7556633696469753e-05
714.9619831878197,0.0009662297578280222
715.1956251231182,0.0006999190825256059
715.4292768739972,0.0005565210265935357
715.6629384381516,0.0010481715040749195
715.8966098132764,-0.0007545469133568212
716.130290997067,-0.00048823623805440493
716.3639819872184,-0.0017993041780047618
716.5976827814255,-0.0006521197305481996
716.8313933773837,-0.0005087216746161293
717.0651137727881,0.00026972491472939514
717.2988439653338,0.0001468122953590492
717.5325839527159,-3.7556633696469753e-05
717.7663337326295,0.001519336544994579
718.0000933027696,-0.00034483818212233466
718.2338626608317,-0.00026289643587543734
718.4676418045107,-0.001430566319893724
718.7014307315017,-0.0016149352489492428
718.9352294394997,-0.0007545469133568212
719.1690379262002,-0.00024241099931371303
719.4028561892981,0.0007818608287725033
719.6366842264883,-0.0009389158424123401
719.8705220354664,-0.0004677508014926806
720.1043696139271,-0.0013486245736468265
720.3382269595659,-3.7556633696469753e-05
720.5720940700777,-7.85275068199184e-05
720.8059709431576,0.0012325404331304385
721.0398575765008,-0.0005496925477395779
721.2737539678023,-0.0011027993349061347
721.5076601147575,8.53559856738762e-05
721.7415760150614,-0.0007955177864802698
721.9755016664091,-0.0008569740961654428
722.2094370664955,-0.0012666828273999293
722.4433822130162,-0.0010823138983444105
722.677337103666,0.0011915695600069897
722.91130173614,-0.00026289643587543734
723.1452761081334,0.0004540938437849141
723.3792602173415,0.00022875404160594648
723.6132540614592,-3.7556633696469753e-05
723.8472576381818,6.487054911215187e-05
724.0812709452042,-1.707119713474543e-05
724.3152939802217,-0.0007340614767950968
724.5493267409292,-0.0005701779843013022
724.7833692250223,-0.0013486245736468265
725.0174214301957,-0.0006521197305481996
725.2514833541446,-5.804207025819408e-05
725.4855549945643,-0.001819789614566486
725.7196363491497,-9.901294338164274e-05
725.9537274155961,0.000822831701895952
726.1878281915984,-0.0014100808833319995
726.4219386748521,-7.85275068199184e-05
726.6560588630521,-0.0005906634208630266
726.8901887538933,0.000945744321266298
727.1243283450713,-0.0007135760402333726
727.3584776342809,0.001068656940636644
727.5926366192173,-0.0003858090552457833
727.8268052975757,0.001007200630951471
728.0609836670511,2.3899675988703222e-05
728.2951717253387,0.0001468122953590492
728.5293694701337,-0.001246197390838205
728.7635768991311,0.000638462772840433
728.997794010026,-0.0008364886596037185
729.2320208005136,-0.00011949837994336706
729.4662572682892,-0.002106585726430627
729.7005034110475,0.001457880235309406
729.934759226484,-1.707119713474543e-05
730.1690247122937,-0.0006316342939864752
730.4032998661717,-0.0033561973566958105
730.6375846858131,-0.0005292071111778536
730.8718791689131,-0.0016354206855109673
731.1061833131668,-0.0013486245736468265
731.3404971162693,-0.00026289643587543734
731.5748205759157,0.00012632685879732485
731.8091536898013,-0.001492022629578897
732.0434964556212,-0.0012666828273999293
732.2778488710702,-0.0003858090552457833
732.5122109338438,0.0004745792803466384
732.7465826416369,0.00010584142223560053
732.9809639921448,0.001519336544994579
733.2153549830624,0.0002492394781676708
733.4497556120851,0.0004131229706614654
733.6841658769079,-0.002188527472677524
733.9185857752258,-0.001123284771467859
734.153015304734,-0.00020144012619026437
734.3874544631278,0.00018778316848249782
734.6219032481021,2.3899675988703222e-05
734.8563616573522,0.0007204045190873303
735.090829688573,-0.001000372152097513
735.3253073394598,0.0015603074181180278
735.5597946077078,-0.0005292071111778536
735.7942914910119,0.0006589482094021573
736.0287979870674,-0.00020144012619026437
736.2633140935693,2.3899675988703222e-05
736.4978398082128,0.00029021035129111946
736.7323751286931,0.0003106957878528438
736.9669200527052,-0.0015329935027023455
737.2014745779443,-1.707119713474543e-05
737.4360387021054,0.0003926375340997411
737.6706124228839,0.0011096278137600925
737.9051957379746,-0.000365323618684059
738.1397886450728,-0.0006726051671099238
738.3743911418737,0.001703705474050098
738.6090032260722,-0.0005087216746161293
738.8436248953636,-0.0006316342939864752
739.078256147443,0.0001672977319207735
739.3128969800055,-0.0020246439801837293
739.5475473907462,-1.707119713474543e-05
739.7822073773604,-0.0014510517564554483
740.0168769375427,-0.000365323618684059
740.251556068989,-0.0004677508014926806
740.4862447693939,2.3899675988703222e-05
740.7209430364526,-0.0024138672748564914
740.9556508678604,-0.0001399838165050914
741.1903682613122,0.000515550153470087
741.4250952145032,-0.0006930906036716482
741.6598317251287,-0.0011642556445913077
741.8945777908837,0.000884288011581125
742.1293334094632,-0.0015944498123875185
742.3640985785624,-0.0005906634208630266
742.5988732958766,-0.000365323618684059
742.8336575591007,0.00022875404160594648
743.06845136593,0.00057700646315526
743.3032547140594,-0.00020144012619026437
743.5380676011844,-0.0017378478683195888
743.7728900249997,-0.001000372152097513
744.0077219832007,-0.0011027993349061347
744.2425634734824,-0.0007750323499185455
744.47741449354,0.001396423925624233
744.7122750410686,-0.00020144012619026437
744.9471451137633,0.0011915695600069897
745.1820247093193,0.0012939967428156115
745.4169138254316,0.0004950647169083627
745.6518124597955,0.0005974918997169843
745.886720610106,-0.0011642556445913077
746.1216382740581,0.0009662297578280222
746.3565654493473,0.0004745792803466384
746.5915021336683,0.0003106957878528438
746.8264483247166,0.0004745792803466384
747.061404020187,-0.0008774595327271671
747.2963692177749,0.0006999190825256059
747.5313439151753,-0.0016559061220726915
747.7663281100832,-0.0006521197305481996
748.001321800194,0.002338754007463552
748.2363249832027,8.53559856738762e-05
748.4713376568044,0.0003721520975380168
748.7063598186942,-0.0011642556445913077
748.9413914665672,-0.00026289643587543734
749.1764325981186,-0.0005292071111778536
749.4114832110436,0.0011505986868835412
749.6465433030372,-0.0027826051329675294
749.8816128717945,-0.0005087216746161293
750.1166919150108,-0.0017993041780047618
750.351780430381,0.00026972491472939514
750.5868784156005,-0.0001604692530668157
750.8219858683642,-0.0009184304058506157
751.0571027863673,0.00012632685879732485
751.2922291673049,-0.0016763915586344158
751.527365008872,-0.002762119696405805
751.762510308764,0.0007818608287725033
751.997665064676,-0.0008364886596037185
752.2328292743028,-0.0013895954467702753
752.46800293534,-0.0013281391370851023
752.7031860454823,-0.002127071162992351
752.938378602425,-0.0005701779843013022
753.1735806038633,-0.0004472653649309563
753.4087920474923,0.002338754007463552
753.644012931007,-9.901294338164274e-05
753.8792432521027,0.0001672977319207735
754.1144830084743,-0.0001604692530668157
754.349732197817,-0.00042677992836923193
754.5849908178261,-0.0012257119542764807
754.8202588661967,-0.0001604692530668157
755.0555363406237,0.0004950647169083627
755.2908232388023,-0.0013895954467702753
755.5261195584278,-0.00011949837994336706
755.7614252971952,0.0016012782912414763
755.9967404527996,0.0003721520975380168
756.2320650229361,-0.0008569740961654428
756.4673990053001,-0.00032435274556061035
756.7027423975863,0.00020826860504422217
756.9380951974902,-0.00024241099931371303
757.1734574027066,0.0006999190825256059
757.4088290109308,-0.000303867308998886
757.6442100198581,0.0007613753922107789
757.8796004271833,0.0011505986868835412
758.1150002306017,0.0006179773362787087
758.3504094278084,0.00010584142223560053
758.5858280164985,0.0006589482094021573
758.8212559943671,-0.0009389158424123401
759.0566933591094,-0.002127071162992351
759.2921401084205,-3.7556633696469753e-05
759.5275962399957,-0.00024241099931371303
759.7630617515298,-0.0010208575886592375
759.998536640718,-0.0003858090552457833
760.2340209052555,-0.0006521197305481996
760.4695145428376,8.53559856738762e-05
760.7050175511591,-0.0007545469133568212
760.9405299279153,-0.00024241099931371303
761.1760516708015,-0.0005292071111778536
761.4115827775124,-0.0005906634208630266
761.6471232457434,0.000638462772840433
761.8826730731896,-0.0001604692530668157
762.1182322575461,-0.001000372152097513
762.353800796508,-9.901294338164274e-05
762.5893786877706,-0.0008979449692888915
762.8249659290287,-0.0007340614767950968
763.0605625179777,-0.001307653700523378
763.2961684523126,0.00057700646315526
763.5317837297287,-0.001000372152097513
763.7674083479208,0.000638462772840433
764.0030423045844,-0.0014715371930171725
764.2386855974142,-3.7556633696469753e-05
764.4743382241057,0.0008638025750194006
764.710000182354,0.000945744321266298
764.945671469854,-0.0006726051671099238
765.1813520843009,-0.00024241099931371303
765.41704202339,0.0016012782912414763
765.6527412848161,0.0004745792803466384
765.8884498662748,0.00029021035129111946
766.1241677654607,-0.0007135760402333726
766.3598949800692,-0.0014715371930171725
766.5956315077955,0.0011505986868835412
766.8313773463345,-0.0015534789392640698
767.0671324933816,-0.0007750323499185455
767.3028969466317,0.0013554530525007845
767.53867070378,-1.707119713474543e-05
767.7744537625216,-0.0004677508014926806
768.0102461205516,-0.00011949837994336706
768.2460477755653,-0.001061828461782686
768.4818587252577,-0.001492022629578897
768.7176789673239,-0.0004472653649309563
768.953508499459,-0.0006930906036716482
769.1893473193581,-0.00020144012619026437
769.4251954247167,-0.0006930906036716482
769.6610528132294,-0.0021680420361158
769.8969194825917,-0.0010413430252209617
770.1327954304984,-0.00032435274556061035
770.368680654645,-0.0005906634208630266
770.6045751527264,-0.0009389158424123401
770.8404789224377,0.0015603074181180278
771.0763919614741,-0.0007955177864802698
771.3123142675306,-9.901294338164274e-05
771.5482458383026,-0.0007340614767950968
771.784186671485,-0.00026289643587543734
772.020136764773,-0.0019222167973751078
772.2560961158617,-0.00011949837994336706
772.4920647224465,-0.0011027993349061347
772.7280425822219,0.00012632685879732485
772.9640296928835,-0.0018607604876899348
773.2000260521264,-0.00011949837994336706
773.4360316576457,-0.0009389158424123401
773.6720465071363,3.4142394269788964e-06
773.9080705982935,-0.0014510517564554483
774.1441039288126,0.0013144821793773357
774.3801464963884,-0.0007545469133568212
774.6161982987163,-0.0009184304058506157
774.8522593334911,-0.0004677508014926806
775.0883295984083,-7.85275068199184e-05
775.3244090911628,-0.001246197390838205
775.5604978094498,0.0006589482094021573
775.7965957509643,0.002277297697778379
776.0327029134017,-0.0009798867155357887
776.2688192944569,-0.0009798867155357887
776.5049448918251,0.0001672977319207735
776.7410797032013,0.0011301132503218167
776.9772237262808,-0.0008979449692888915
777.2133769587585,-0.0009184304058506157
777.44953939833,-0.0006930906036716482
777.68571104269,-0.0013281391370851023
777.9218918895335,-0.0001604692530668157
778.1580819365562,0.001826618093420444
778.3942811814527,0.00012632685879732485
778.6304896219183,-0.00022192556275198869
778.8667072556482,0.00035166666097629246
779.1029340803375,-0.0007545469133568212
779.3391700936812,-5.804207025819408e-05
779.5754152933745,-0.0010823138983444105
779.8116696771127,-0.0004062944918075076
780.0479332425906,0.0003106957878528438
780.2842059875036,0.00022875404160594648
780.5204879095467,8.53559856738762e-05
780.756779006415,0.0006179773362787087
780.9930792758038,-7.85275068199184e-05
781.2293887154079,0.00029021035129111946
781.4657073229228,6.487054911215187e-05
781.7020350960433,-0.00018095468962854003
781.9383720324648,-0.0015739643758257943
782.1747181298822,0.000515550153470087
782.4110733859908,-0.00020144012619026437
782.6474377984856,0.0003106957878528438
782.8838113650619,-0.003110372117955119
783.1201940834146,0.00029021035129111946
783.3565859512389,-0.0011437702080295835
783.59298696623,0.00209292876872286
783.829397126083,-0.001307653700523378
784.065816428493,-0.0019222167973751078
784.3022448711552,-0.0010208575886592375
784.5386824517644,0.0011505986868835412
784.7751291680163,-0.0012052265177147563
785.0115850176055,-0.000303867308998886
785.2480499982274,-0.0016968769951961403
785.4845241075772,0.000822831701895952
785.7210073433497,-0.0006111488574247509
785.9574997032403,-0.001246197390838205
786.194001184944,-0.0004472653649309563
786.430511786156,0.0011301132503218167
786.6670315045714,-0.0015739643758257943
786.9035603378852,-0.0005906634208630266
787.1400982837928,0.0006589482094021573
787.3766453399891,-0.0006111488574247509
787.6132015041693,-0.001983673107060281
787.8497667740286,0.00012632685879732485
788.0863411472619,-0.0015329935027023455
788.3229246215644,0.0005360355900318114
788.5595171946316,-0.0012666828273999293
788.7961188641581,-0.0015534789392640698
789.0327296278393,-0.00034483818212233466
789.2693494833703,-0.00024241099931371303
789.5059784284462,-0.0016559061220726915
789.7426164607622,-0.0017788187414430375
789.9792635780132,0.0003106957878528438
790.2159197778946,-0.0005701779843013022
790.4525850581012,-0.00032435274556061035
790.6892594163286,0.0006794336459638817
790.9259428502714,-0.0019631876704985563
791.1626353576252,-0.0005906634208630266
791.3993369360848,-0.0005701779843013022
791.6360475833454,-7.85275068199184e-05
791.8727672971022,0.0004540938437849141
792.1094960750504,-0.000365323618684059
792.3462339148848,0.0011505986868835412
792.5829808143009,-1.707119713474543e-05
792.8197367709936,-0.0016149352489492428
793.0565017826582,-0.00020144012619026437
793.2932758469896,-0.00048823623805440493
793.530058961683,0.00010584142223560053
793.7668511244336,0.0006999190825256059
794.0036523329366,-5.804207025819408e-05
794.2404625848868,-0.00048823623805440493
794.4772818779797,-0.0005087216746161293
794.7141102099102,-0.0005292071111778536
794.9509475783736,0.0005565210265935357
795.1877939810648,-0.001000372152097513
795.4246494156791,0.0004131229706614654
795.6615138799116,0.0011096278137600925
795.8983873714574,0.0009867151943897465
796.1352698880115,-0.0008569740961654428
796.3721614272692,-0.001184741081153032
796.6090619869258,-0.00011949837994336706
796.845971564676,-0.0005906634208630266
797.0828901582152,-0.0012257119542764807
797.3198177652383,0.00035166666097629246
797.5567543834406,-0.0025982362039120104
797.7937000105175,0.0003721520975380168
798.0306546441635,-0.0015534789392640698
798.2676182820742,0.00057700646315526
798.5045909219446,-0.0013895954467702753
798.7415725614696,0.0005565210265935357
798.9785631983448,-0.0007750323499185455
799.215562830265,-0.0009389158424123401
799.4525714549253,-0.0004062944918075076
799.6895890700209,-3.7556633696469753e-05
799.926615673247,-0.0021475565995540753
800.1636512622987,0.00012632685879732485
800.4006958348709,-0.0001399838165050914
800.6377493886591,-0.0009798867155357887
800.8748119213583,-0.001246197390838205
801.1118834306634,-0.0005906634208630266
801.3489639142697,0.0008023462653342276
801.5860533698724,0.00012632685879732485
801.8231517951665,-0.0001604692530668157
802.0602591878472,-0.0008160032230419942
802.2973755456095,0.0005565210265935357
802.5345008661487,-0.0005701779843013022
802.7716351471598,3.4142394269788964e-06
803.0087783863381,-0.001983673107060281
803.2459305813785,-0.0001604692530668157
803.4830917299762,0.0007613753922107789
803.7202618298264,-0.0007750323499185455
803.9574408786242,-0.0006316342939864752
804.1946288740646,-0.0020861002898689023
804.4318258138429,-3.7556633696469753e-05
804.6690316956542,0.0001672977319207735
804.9062465171935,-0.0005292071111778536
805.143470276156,-0.0005292071111778536
805.3807029702369,-0.0005496925477395779
805.6179445971311,-0.0016559061220726915
805.855195154534,0.0002492394781676708
806.0924546401407,-0.0029669740620230484
806.3297230516462,-0.00024241099931371303
806.5670003867455,-0.0007955177864802698
806.804286643134,0.0007204045190873303
807.0415818185066,-0.0009389158424123401
807.2788859105586,-7.85275068199184e-05
807.5161989169852,0.00012632685879732485
807.7535208354813,-0.0010413430252209617
807.9908516637421,-0.00022192556275198869
808.2281913994626,-0.0004062944918075076
808.4655400403383,-0.00048823623805440493
808.702897584064,-0.0001604692530668157
808.9402640283349,0.0005565210265935357
809.1776393708461,0.00020826860504422217
809.4150236092928,-0.00024241099931371303
809.6524167413702,-0.0007135760402333726
809.8898187647732,0.0007613753922107789
810.1272296771971,0.00022875404160594648
810.3646494763369,-0.0008160032230419942
810.6020781598879,-0.0006111488574247509
810.8395157255451,-0.0007340614767950968
811.0769621710036,0.001519336544994579
811.3144174939586,-0.001246197390838205
811.5518816921051,-0.0001399838165050914
811.7893547631385,-0.001184741081153032
812.0268367047537,0.0013144821793773357
812.2643275146459,-0.00011949837994336706
812.5018271905101,0.001519336544994579
812.7393357300416,-0.0004677508014926806
812.9768531309354,0.0011915695600069897
813.2143793908867,0.00010584142223560053
813.4519145075908,0.0003311812244145681
813.6894584787424,-0.0001604692530668157
813.9270113020369,0.00057700646315526
814.1645729751694,-0.00032435274556061035
814.402143495835,-0.00028338187243716166
814.639722861729,0.0003926375340997411
814.8773110705462,8.53559856738762e-05
815.1149081199819,-3.7556633696469753e-05
815.3525140077312,-0.00034483818212233466
815.5901287314894,-0.0005701779843013022
815.8277522889513,-0.0004472653649309563
816.0653846778122,-0.00024241099931371303
816.3030258957673,-0.002557265330788562
816.5406759405115,-0.0001399838165050914
816.7783348097403,-0.001061828461782686
817.0160025011484,-0.0005496925477395779
817.2536790124311,-0.0006726051671099238
817.4913643412837,0.00020826860504422217
817.7290584854011,-0.0008979449692888915
817.9667614424785,-0.0001604692530668157
818.204473210211,-0.0013486245736468265
818.4421937862937,-0.001430566319893724
818.6799231684219,-0.0009594012789740645
818.9176613542905,0.0012325404331304385
819.1554083415948,-0.0017173624317578645
819.3931641280299,-1.707119713474543e-05
819.6309287112907,-0.0012871682639616537
819.8687020890727,-7.85275068199184e-05
820.1064842590707,-0.00048823623805440493
820.34427521898,4.438511255042755e-05
820.5820749664957,-0.00042677992836923193
820.8198834993128,-7.85275068199184e-05
821.0577008151267,0.0011505986868835412
821.2955269116322,0.0009662297578280222
821.5333617865248,-0.0008979449692888915
821.7712054374992,0.00029021035129111946
822.0090578622509,-0.00020144012619026437
822.2469190584748,0.0008638025750194006
822.484789023866,-0.0010413430252209617
822.7226677561198,0.0007613753922107789
822.9605552529313,-0.0007955177864802698
823.1984515119954,-0.0008569740961654428
823.4363565310075,-0.0016354206855109673
823.6742703076626,-0.0007340614767950968
823.9121928396559,-0.0007545469133568212
824.1501241246823,-0.001184741081153032
824.3880641604372,-0.0007955177864802698
824.6260129446157,-0.00028338187243716166
824.8639704749128,0.00018778316848249782
825.1019367490236,0.0006179773362787087
825.3399117646434,-0.0008160032230419942
825.5778955194671,0.0001672977319207735
825.81588801119,-0.0006111488574247509
826.0538892375072,0.00029021035129111946
826.2918991961137,-0.0008364886596037185
826.5299178847049,0.0006589482094021573
826.7679453009757,-0.0007135760402333726
827.0059814426213,0.000638462772840433
827.2440263073366,-0.0017173624317578645
827.4820798928172,-0.0007750323499185455
827.7201421967579,-0.0011027993349061347
827.9582132168538,-0.000303867308998886
828.1962929508001,-0.00018095468962854003
828.434381396292,-0.0016763915586344158
828.6724785510245,-0.001430566319893724
828.9105844126929,-0.0016354206855109673
829.148698978992,0.0003106957878528438
829.3868222476174,-0.0005292071111778536
829.6249542162637,0.00012632685879732485
829.8630948826265,-0.0016149352489492428
830.1012442444006,-0.0014100808833319995
830.3394022992813,-0.0005496925477395779
830.5775690449636,-0.0010823138983444105
830.8157444791427,-0.00024241099931371303
831.0539285995137,-0.0012666828273999293
831.2921214037718,-0.0009389158424123401
831.5303228896122,-0.0012257119542764807
831.7685330547297,0.0003926375340997411
832.0067518968198,-0.0009184304058506157
832.2449794135772,-0.0009184304058506157
832.4832156026974,-3.7556633696469753e-05
832.7214604618754,-0.0011027993349061347
832.9597139888064,-0.00032435274556061035
833.1979761811853,0.001068656940636644
833.4362470367074,-0.001184741081153032
833.6745265530678,-0.0004472653649309563
833.9128147279617,-0.00020144012619026437
834.1511115590841,-0.00026289643587543734
834.3894170441304,-0.0007545469133568212
834.6277311807952,0.0008638025750194006
834.8660539667741,-0.001061828461782686
835.1043853997619,-0.0011642556445913077
835.342725477454,3.4142394269788964e-06
835.5810741975455,-5.804207025819408e-05
835.8194315577313,-0.0019222167973751078
836.0577975557067,4.438511255042755e-05
836.2961721891668,-0.0004472653649309563
836.5345554558065,0.0004745792803466384
836.7729473533213,-0.0005906634208630266
837.0113478794063,-0.0010413430252209617
837.2497570317564,-7.85275068199184e-05
837.4881748080668,0.0007613753922107789
837.7266012060326,-0.001246197390838205
837.965036223349,0.001580792854679752
838.203479857711,-0.0014100808833319995
838.441932106814,0.000515550153470087
838.6803929683529,-0.002249983782362697
838.9188624400227,-0.0005906634208630266
839.1573405195188,-0.0029055177523378754
839.3958272045363,-0.0005906634208630266
839.6343224927701,-0.0011437702080295835
839.8728263819156,-0.0008774595327271671
840.1113388696677,-0.0007340614767950968
840.3498599537216,0.0005565210265935357
840.5883896317727,-0.0010823138983444105
840.8269279015157,0.0016832200374883735
841.0654747606459,0.00012632685879732485
841.3040302068583,-0.00022192556275198869
841.5425942378483,-0.002434352711418216
841.7811668513109,0.0007204045190873303
842.0197480449411,0.00012632685879732485
842.2583378164343,0.0005360355900318114
842.4969361634854,-0.0005292071111778536
842.7355430837895,0.00285088992150666
842.9741585750418,-0.001246197390838205
843.2127826349375,0.0005360355900318114
843.4514152611716,-0.0007340614767950968
843.6900564514393,0.0006999190825256059
843.9287062034358,-0.0017173624317578645
844.1673645148561,0.0010276860675131952
844.4060313833953,-0.0010823138983444105
844.6447068067487,-0.00028338187243716166
844.8833907826113,0.0012735113062538872
845.122083308678,-0.000365323618684059
845.3607843826445,0.0012939967428156115
845.5994940022055,-0.001000372152097513
845.838212165056,-0.0012666828273999293
846.0769388688915,0.0003311812244145681
846.315674111407,-9.901294338164274e-05
846.5544178902976,-5.804207025819408e-05
846.7931702032583,-0.00022192556275198869
847.0319310479846,-0.0011642556445913077
847.2707004221711,-0.00028338187243716166
847.5094783235133,-0.0009184304058506157
847.7482647497063,2.3899675988703222e-05
847.987059698445,-0.0008979449692888915
848.2258631674248,-0.00032435274556061035
848.4646751543406,-0.0013486245736468265
848.7034956568878,-0.0011437702080295835
848.9423246727612,-0.0008364886596037185
849.1811621996561,-0.0005701779843013022
849.4200082352677,3.4142394269788964e-06
849.6588627772909,0.00012632685879732485
849.8977258234211,0.0014373947987476818
850.1365973713531,-0.001061828461782686
850.3754774187823,-0.00011949837994336706
850.6143659634038,-0.0007955177864802698
850.8532630029125,-0.0007955177864802698
851.0921685350038,-0.0006521197305481996
851.3310825573727,0.0004336084072231897
851.5700050677144,0.0008023462653342276
851.8089360637239,-0.001369110010208551
852.0478755430963,-0.0007955177864802698
852.286823503527,0.0004540938437849141
852.5257799427108,-0.0005087216746161293
852.764744858343,3.4142394269788964e-06
853.0037182481187,-0.0016763915586344158
853.242700109733,-0.0012871682639616537
853.4816904408812,-0.0012257119542764807
853.720689239258,-7.85275068199184e-05
853.959696502559,-0.0007340614767950968
854.198712228479,0.0002492394781676708
854.4377364147133,-0.0019631876704985563
854.676769058957,-0.00024241099931371303
854.9158101589052,0.0001672977319207735
855.1548597122529,-0.0013281391370851023
855.3939177166955,-0.0006316342939864752
855.6329841699279,0.0010481715040749195
855.8720590696454,-0.0019631876704985563
856.1111424135429,-0.0019017313608133833
856.3502341993157,-0.0006521197305481996
856.5893344246589,0.00022875404160594648
856.8284430872676,0.0004950647169083627
857.0675601848369,-0.0009798867155357887
857.306685715062,-0.00034483818212233466
857.5458196756379,0.0009047734481428492
857.7849620642598,0.0003311812244145681
858.024112878623,0.0008023462653342276
858.2632721164224,-0.0008160032230419942
858.5024397753532,-0.00018095468962854003
858.7416158531104,0.00022875404160594648
858.9808003473893,-0.0007750323499185455
859.2199932558849,-0.0006316342939864752
859.4591945762925,-0.0005496925477395779
859.698404306307,-0.0004062944918075076
859.9376224436237,-0.0001399838165050914
860.1768489859377,-0.001123284771467859
860.4160839309441,-0.0004677508014926806
860.655327276338,-0.0015739643758257943
860.8945790198145,0.0012120549965687142
861.1338391590688,-0.0010208575886592375
861.373107691796,0.000515550153470087
861.6123846156912,-0.0001604692530668157
861.8516699284496,-0.0008364886596037185
862.0909636277662,-0.0006316342939864752
862.3302657113362,-0.0011027993349061347
862.5695761768548,-0.001061828461782686
862.808895022017,-0.0008160032230419942
863.048222244518,-0.0008569740961654428
863.2875578420529,-0.0001604692530668157
863.5269018123167,-0.0008979449692888915
863.7662541530049,2.3899675988703222e-05
864.0056148618122,-0.0006726051671099238
864.244983936434,-0.0008364886596037185
864.4843613745653,-0.0017788187414430375
864.7237471739012,0.0004540938437849141
864.963141332137,-0.0007955177864802698
865.2025438469676,0.0011096278137600925
865.4419547160882,-0.0006726051671099238
865.681373937194,0.0006179773362787087
865.9208015079802,-0.001184741081153032
866.1602374261416,-0.0004472653649309563
866.3996816893738,-0.0004677508014926806
866.6391342953715,-0.0005292071111778536
866.87859524183,-0.0014715371930171725
867.1180645264444,0.00012632685879732485
867.35754214691,-0.001369110010208551
867.5970281009215,-3.7556633696469753e-05
867.8365223861745,0.0008433171384576763
868.0760250003639,-0.00028338187243716166
868.3155359411847,-0.001369110010208551
868.5550552063323,0.0003106957878528438
868.7945827935017,-0.00042677992836923193
869.0341187003879,-0.0003858090552457833
869.2736629246863,-0.0023933818382947674
869.5132154640918,-0.001000372152097513
869.7527763162996,0.0005360355900318114
869.9923454790048,-0.00024241099931371303
870.2319229499026,-0.0014100808833319995
870.4715087266881,0.00026972491472939514
870.7111028070562,4.438511255042755e-05
870.9507051887025,-0.0005906634208630266
871.1903158693217,-0.0001604692530668157
871.4299348466091,0.0023797248805870006
871.6695621182598,0.00012632685879732485
871.909197681969,-0.0007545469133568212
872.1488415354316,-0.0007135760402333726
872.388493676343,0.0012735113062538872
872.6281541023983,0.0006794336459638817
872.8678228112924,0.0006794336459638817
873.1074998007207,-0.0023933818382947674
873.3471850683779,-7.85275068199184e-05
873.5868786119597,-0.0005496925477395779
873.8265804291608,0.0007818608287725033
874.0662905176765,-0.0001604692530668157
874.3060088752019,0.0008638025750194006
874.5457354994321,0.00026972491472939514
874.7854703880623,-0.0005906634208630266
875.0252135387875,-5.804207025819408e-05
875.2649649493029,0.0012735113062538872
875.5047246173036,-0.00034483818212233466
875.7444925404848,-0.0009389158424123401
875.9842687165415,-7.85275068199184e-05
876.2240531431689,-0.001184741081153032
876.4638458180622,4.438511255042755e-05
876.7036467389164,-0.0005087216746161293
876.9434559034266,-0.0013486245736468265
877.1832733092881,-0.0010413430252209617
877.4230989541959,-9.901294338164274e-05
877.6629328358451,-0.0005292071111778536
877.902774951931,0.00012632685879732485
878.1426253001486,0.00026972491472939514
878.3824838781928,0.00029021035129111946
878.6223506837592,0.00026972491472939514
878.8622257145427,-0.0007135760402333726
879.1021089682382,-0.0011642556445913077
879.3420004425411,0.0005360355900318114
879.5819001351465,-0.0015329935027023455
879.8218080437495,-0.0017378478683195888
880.0617241660451,-0.0013281391370851023
880.3016484997287,0.0006179773362787087
880.5415810424951,0.0003721520975380168
880.7815217920397,-0.0001399838165050914
881.0214707460574,0.001007200630951471
881.2614279022434,-0.000365323618684059
881.5013932582931,-1.707119713474543e-05
881.7413668119012,0.0004336084072231897
881.9813485607632,0.0011096278137600925
882.2213385025739,0.00012632685879732485
882.4613366350285,-0.0025777507673502864
882.7013429558223,0.0004540938437849141
882.9413574626503,-0.00026289643587543734
883.1813801532077,-0.0001604692530668157
883.4214110251895,0.0011505986868835412
883.6614500762909,0.0003311812244145681
883.9014973042069,0.001642249164364925
884.141552706633,-0.0012666828273999293
884.3816162812639,-0.0010208575886592375
884.6216880257949,-0.0016559061220726915
884.8617679379212,-0.00028338187243716166
885.1018560153378,0.0004745792803466384
885.3419522557399,0.00026972491472939514
885.5820566568226,0.00022875404160594648
885.822169216281,-0.0009389158424123401
886.0622899318104,-0.0007340614767950968
886.3024188011055,0.0003721520975380168
886.5425558218619,-0.002434352711418216
886.7827009917745,-0.0006111488574247509
887.0228543085385,0.0013554530525007845
887.263015769849,-0.001758333304881313
887.5031853734009,-0.0005087216746161293
887.7433631168898,0.00026972491472939514
887.9835489980104,-0.0011642556445913077
888.2237430144581,-0.0007750323499185455
888.4639451639277,0.000515550153470087
888.7041554441148,0.000515550153470087
888.9443738527142,-0.00011949837994336706
889.184600387421,-0.0024548381479799404
889.4248350459304,-0.0001604692530668157
889.6650778259376,-0.0009798867155357887
889.9053287251377,-0.0007135760402333726
890.1455877412258,-0.0009798867155357887
890.3858548718969,-0.0005496925477395779
890.6261301148463,-0.0021475565995540753
890.8664134677691,-0.001184741081153032
891.1067049283604,-0.0011642556445913077
891.3470044943152,-0.001000372152097513
891.587312163329,-0.0015944498123875185
891.8276279330964,0.0011710841234452655
892.067951801313,0.0016627346009266493
892.3082837656737,0.0011301132503218167
892.5486238238735,-0.00042677992836923193
892.7889719736079,0.0019495307127907898
893.0293282125716,-0.0005906634208630266
893.26969253846,6.487054911215187e-05
893.5100649489682,-0.001983673107060281
893.7504454417912,-0.0005906634208630266
893.9908340146243,-0.0001399838165050914
894.2312306651625,-0.001881245924251659
894.4716353911009,-0.0007135760402333726
894.7120481901347,-0.0008979449692888915
894.9524690599591,-0.000303867308998886
895.192897998269,-0.0008979449692888915
895.4333350027597,-0.0006521197305481996
895.6737800711263,0.0009867151943897465
895.9142332010639,-0.0006726051671099238
896.1546943902677,0.000945744321266298
896.3951636364327,6.487054911215187e-05
896.635640937254,-0.001881245924251659
896.8761262904271,-0.00034483818212233466
897.1166196936466,0.0006794336459638817
897.357121144608,-0.0006930906036716482
897.5976306410062,-0.0006111488574247509
897.8381481805365,-0.0001604692530668157
898.0786737608938,-0.0007545469133568212
898.3192073797735,-0.00028338187243716166
898.5597490348706,0.0013144821793773357
898.8002987238801,-0.0001399838165050914
899.0408564444974,-0.0005496925477395779
899.2814221944174,0.0001672977319207735
899.5219959713353,0.0006794336459638817
899.7625777729462,0.0003106957878528438
900.0031675969453,0.0001468122953590492
900.2437654410277,-0.0006930906036716482
900.4843713028885,-0.0015534789392640698
900.7249851802227,-0.0009798867155357887
900.9656070707257,-0.0006726051671099238
901.2062369720924,-0.0015125080661406213
901.446874882018,-0.0008774595327271671
901.6875207981976,0.0006179773362787087
901.9281747183264,0.0014988511084328548
902.1688366400996,-0.001184741081153032
902.4095065612121,0.0018675889665438926
902.6501844793592,-0.002106585726430627
902.8908703922359,0.0008433171384576763
903.1315642975374,-0.001430566319893724
903.3722661929587,-0.0007135760402333726
903.6129760761952,-0.0005701779843013022
903.8536939449418,-0.0006726051671099238
904.0944197968937,-0.0019222167973751078
904.3351536297461,-0.0012052265177147563
904.5758954411939,-0.001758333304881313
904.8166452289323,-0.0012871682639616537
905.0574029906567,-0.0017378478683195888
905.298168724062,0.0016627346009266493
905.5389424268432,-0.0029669740620230484
905.7797240966956,-0.00032435274556061035
906.0205137313144,-0.0017788187414430375
906.2613113283945,-0.001123284771467859
906.5021168856313,-0.0001604692530668157
906.7429304007196,-0.0018402750511282105
906.9837518713548,-0.00048823623805440493
907.2245812952319,0.0006999190825256059
907.4654186700461,-0.0007750323499185455
907.7062639934925,-0.001061828461782686
907.9471172632661,-0.00028338187243716166
908.1879784770622,-0.0006726051671099238
908.4288476325759,-0.00020144012619026437
908.6697247275021,0.0004336084072231897
908.9106097595362,-0.0007955177864802698
909.1515027263732,-0.0012052265177147563
909.3924036257083,-0.0011027993349061347
909.6333124552366,0.0004950647169083627
909.8742292126533,-0.0008774595327271671
910.1151538956533,-0.001758333304881313
910.3560865019318,-3.7556633696469753e-05
910.5970270291841,0.0008023462653342276
910.8379754751053,-0.000303867308998886
911.0789318373903,0.00026972491472939514
911.3198961137343,-0.0012052265177147563
911.5608683018327,0.0014373947987476818
911.8018483993802,-0.0013486245736468265
912.0428364040723,0.0011096278137600925
912.2838323136039,-0.0009389158424123401
912.5248361256702,-0.0004472653649309563
912.7658478379662,-0.0001399838165050914
913.0068674481873,-0.0006316342939864752
913.2478949540284,0.0006179773362787087
913.4889303531847,4.438511255042755e-05
913.7299736433515,-0.0005906634208630266
913.9710248222236,0.0004336084072231897
914.2120838874963,-0.00032435274556061035
914.4531508368646,0.0004540938437849141
914.6942256680238,-0.001430566319893724
914.935308378669,0.000638462772840433
915.1763989664952,-0.00020144012619026437
915.4174974291976,0.00020826860504422217
915.6586037644714,-0.001758333304881313
915.8997179700116,0.0001468122953590492
916.1408400435134,-0.0005087216746161293
916.3819699826719,0.0030147734140004547
916.6231077851822,0.0003106957878528438
916.8642534487395,0.0007204045190873303
917.105406971039,-0.002495809021103389
917.3465683497755,-0.0010208575886592375
917.5877375826444,-0.0007135760402333726
917.8289146673408,-0.0006726051671099238
918.0700996015597,-5.804207025819408e-05
918.3112923829964,0.0015603074181180278
918.5524930093459,-0.0008979449692888915
918.7937014783034,0.0007408899556490547
919.034917787564,-0.001184741081153032
919.2761419348228,0.0005360355900318114
919.5173739177749,-0.0007750323499185455
919.7586137341156,-0.0003858090552457833
919.9998613815397,-0.001246197390838205
920.2411168577427,-0.0005087216746161293
920.4823801604193,-9.901294338164274e-05
920.723651287265,0.001007200630951471
920.9649302359749,-0.0005906634208630266
921.206217004244,0.0004950647169083627
921.4475115897674,0.00020826860504422217
921.6888139902402,0.0003106957878528438
921.9301242033577,-0.002495809021103389
922.1714422268149,0.0001468122953590492
922.4127680583068,-0.0008569740961654428
922.6541016955289,0.001519336544994579
922.895443136176,-0.0011642556445913077
923.1367923779434,-0.0015739643758257943
923.378149418526,0.004059530678648396
923.6195142556193,-3.7556633696469753e-05
923.860886886918,-0.0018402750511282105
924.1022673101176,2.3899675988703222e-05
924.343655522913,-0.00026289643587543734
924.5850515229994,-0.0005087216746161293
924.8264553080718,-0.0007135760402333726
925.0678668758255,0.0004745792803466384
925.3092862239555,-0.0014715371930171725
925.5507133501571,-0.0005087216746161293
925.7921482521253,-0.0004062944918075076
926.0335909275552,-0.0013895954467702753
926.275041374142,-0.0006930906036716482
926.5164995895807,-0.0009389158424123401
926.7579655715666,-0.0005087216746161293
926.9994393177948,0.00010584142223560053
927.2409208259602,-0.0010823138983444105
927.4824100937583,0.0007204045190873303
927.7239071188839,-0.0008979449692888915
927.9654118990321,0.0002492394781676708
928.2069244318983,0.0019290452762290656
928.4484447151776,0.0012735113062538872
928.6899727465649,-0.002045129416745454
928.9315085237555,0.0012325404331304385
929.1730520444445,0.0003926375340997411
929.4146033063269,0.0003106957878528438
929.656162307098,-0.00026289643587543734
929.8977290444528,-0.0009594012789740645
930.1393035160866,-0.0007750323499185455
930.3808857196942,-0.001819789614566486
930.622475652971,-0.0004062944918075076
930.8640733136123,0.00057700646315526
931.1056786993128,-0.0006726051671099238
931.3472918077678,-0.0007135760402333726
931.5889126366724,-0.0001399838165050914
931.8305411837217,0.0011710841234452655
932.072177446611,-0.0007750323499185455
932.3138214230352,0.0001672977319207735
932.5554731106896,-0.00032435274556061035
932.7971325072693,-0.0012257119542764807
933.0387996104694,-0.0017993041780047618
933.2804744179849,0.0003926375340997411
933.5221569275111,0.0012325404331304385
933.7638471367432,-0.0014100808833319995
934.005545043376,-0.0015739643758257943
934.2472506451047,-0.0009184304058506157
934.4889639396248,-0.0011642556445913077
934.7306849246311,-0.00032435274556061035
934.9724135978188,0.00029021035129111946
935.214149956883,-0.00034483818212233466
935.4558939995188,-0.0001604692530668157
935.6976457234214,-0.00020144012619026437
935.9394051262859,-0.0009389158424123401
936.1811722058075,0.0005565210265935357
936.4229469596812,-0.0005292071111778536
936.6647293856021,-0.0018402750511282105
936.9065194812654,0.0010891423771983682
937.1483172443664,0.0011096278137600925
937.3901226725999,-0.00020144012619026437
937.6319357636612,-0.00011949837994336706
937.8737565152454,-0.0008569740961654428
938.1155849250476,-0.0006111488574247509
938.357420990763,-0.00026289643587543734
938.5992647100867,-0.0009389158424123401
938.8411160807137,0.0006794336459638817
939.0829751003395,-0.0011437702080295835
939.3248417666587,-0.0008364886596037185
939.5667160773667,-0.0007545469133568212
939.8085980301587,0.0001672977319207735
940.0504876227296,-0.0001399838165050914
940.2923848527748,-0.0007135760402333726
940.5342897179893,-0.0007955177864802698
940.7762022160682,-0.0006521197305481996
941.0181223447065,-0.0006726051671099238
941.2600501015996,0.0002492394781676708
941.5019854844425,-0.00011949837994336706
941.7439284909302,-0.001246197390838205
941.9858791187581,0.0003721520975380168
942.2278373656211,-0.0014510517564554483
942.4698032292143,-0.0009184304058506157
942.7117767072331,0.00026972491472939514
942.9537577973723,3.4142394269788964e-06
943.1957464973273,-0.0008160032230419942
943.4377428047928,0.0003311812244145681
943.6797467174645,0.0003721520975380168
943.9217582330372,-0.0015944498123875185
944.163777349206,-0.0006316342939864752
944.4058040636662,-0.0012871682639616537
944.6478383741128,0.0008638025750194006
944.8898802782409,-1.707119713474543e-05
945.1319297737457,-0.00042677992836923193
945.3739868583224,0.000945744321266298
945.6160515296658,-0.0006111488574247509
945.8581237854714,0.0006589482094021573
946.1002036234343,-0.00011949837994336706
946.3422910412494,-0.0023933818382947674
946.5843860366118,0.0006999190825256059
946.8264886072169,-0.0007545469133568212
947.0685987507597,-0.0008979449692888915
947.3107164649352,-0.0014715371930171725
947.5528417474387,0.0003721520975380168
947.7949745959653,-0.0008364886596037185
948.0371150082101,-0.0013281391370851023
948.2792629818682,-0.0018607604876899348
948.5214185146347,-0.00022192556275198869
948.7635816042047,0.0004336084072231897
949.0057522482734,-0.0007135760402333726
949.247930444536,-0.001184741081153032
949.4901161906876,-0.0006521197305481996
949.7323094844231,0.0009662297578280222
949.9745103234379,8.53559856738762e-05
950.2167187054271,2.3899675988703222e-05
950.4589346280856,3.4142394269788964e-06
950.7011580891087,-0.0011437702080295835
950.9433890861915,0.00010584142223560053
951.1856276170291,-0.002495809021103389
951.4278736793168,-0.00034483818212233466
951.6701272707494,0.0003926375340997411
951.9123883890222,0.0003926375340997411
952.1546570318304,-0.0011642556445913077
952.396933196869,-0.0007955177864802698
952.6392168818332,-0.001758333304881313
952.8815080844182,-0.0005292071111778536
953.1238068023189,-0.0013895954467702753
953.3661130332306,3.4142394269788964e-06
953.6084267748485,-0.0011437702080295835
953.8507480248675,-0.001369110010208551
954.0930767809828,-0.0009184304058506157
954.3354130408894,-0.0009389158424123401
954.5777568022828,-0.0021680420361158
954.8201080628579,-0.0004677508014926806
955.0624668203099,0.0014169093621859575
955.3048330723337,0.0002492394781676708
955.5472068166246,-0.0011027993349061347
955.7895880508778,-0.0004062944918075076
956.0319767727883,0.0006589482094021573
956.2743729800512,-0.0005087216746161293
956.5167766703618,-0.0008569740961654428
956.7591878414152,-1.707119713474543e-05
957.0016064909063,0.001703705474050098
957.2440326165304,-0.0016354206855109673
957.4864662159825,-0.0007545469133568212
957.728907286958,-0.0012052265177147563
957.9713558271517,0.0001672977319207735
958.2138118342589,0.0007408899556490547
958.4562753059747,-0.00032435274556061035
958.6987462399942,0.00029021035129111946
958.9412246340127,-0.00026289643587543734
959.1837104857251,3.4142394269788964e-06
959.4262037928265,-0.0011027993349061347
959.6687045530122,0.0008433171384576763
959.9112127639772,-0.0012257119542764807
960.1537284234167,-0.0008774595327271671
960.3962515290258,-0.000303867308998886
960.6387820784997,-1.707119713474543e-05
960.8813200695334,-0.00026289643587543734
961.123865499822,-0.0004677508014926806
961.3664183670609,-0.0004677508014926806
961.6089786689449,0.00057700646315526
961.8515464031693,6.487054911215187e-05
962.0941215674292,0.000945744321266298
962.3367041594197,-0.001246197390838205
962.5792941768358,0.0013554530525007845
962.8218916173729,0.00012632685879732485
963.0644964787259,-0.0003858090552457833
963.3071087585902,-0.0005087216746161293
963.5497284546606,-0.0006316342939864752
963.7923555646323,0.0002492394781676708
964.0349900862007,0.0015398219815563033
964.2776320170606,-0.0017378478683195888
964.5202813549072,-0.0001399838165050914
964.7629380974357,-0.0017378478683195888
965.0056022423412,-0.0006316342939864752
965.2482737873188,-7.85275068199184e-05
965.4909527300637,0.0004950647169083627
965.7336390682708,-0.0011027993349061347
965.9763327996355,-0.0006521197305481996
966.2190339218529,-0.0019017313608133833
966.4617424326179,-0.0012666828273999293
966.704458329626,0.0005565210265935357
966.9471816105719,0.0003106957878528438
967.189912273151,-0.0016559061220726915
967.4326503150584,-0.002127071162992351
967.6753957339891,-0.0009389158424123401
967.9181485276383,-0.0007955177864802698
968.1609086937012,-1.707119713474543e-05
968.4036762298729,-0.0005496925477395779
968.6464511338484,-0.001123284771467859
968.8892334033228,0.0004540938437849141
969.1320230359916,-0.0009798867155357887
969.3748200295494,0.0004745792803466384
969.6176243816916,-0.0012257119542764807
969.8604360901135,-0.0008569740961654428
970.1032551525099,-0.0010823138983444105
970.3460815665761,-9.901294338164274e-05
970.5889153300071,0.0003721520975380168
970.8317564404982,-0.001758333304881313
971.0746048957444,-0.0017788187414430375
971.317460693441,-0.0005906634208630266
971.5603238312827,0.00026972491472939514
971.8031943069652,3.4142394269788964e-06
972.0460721181832,-0.0007750323499185455
972.2889572626322,0.0007408899556490547
972.5318497380067,-0.00032435274556061035
972.7747495420025,0.0007204045190873303
973.0176566723144,-3.7556633696469753e-05
973.2605711266375,0.0008638025750194006
973.5034929026671,-0.0008364886596037185
973.7464219980982,-0.0009184304058506157
973.9893584106258,4.438511255042755e-05
974.2323021379452,0.0008023462653342276
974.4752531777517,-0.0008979449692888915
974.7182115277401,0.0006179773362787087
974.9611771856056,0.0006794336459638817
975.2041501490435,-0.0004472653649309563
975.4471304157487,-0.00048823623805440493
975.6901179834165,0.0009867151943897465
975.933112849742,-3.7556633696469753e-05
976.1761150124202,8.53559856738762e-05
976.4191244691463,0.000822831701895952
976.6621412176154,-0.0011027993349061347
976.9051652555228,-0.0004677508014926806
977.1481965805633,-0.0005087216746161293
977.3912351904323,0.00029021035129111946
977.6342810828248,-0.0005906634208630266
977.8773342554362,-0.0012871682639616537
978.1203947059611,-0.0011642556445913077
978.3634624320949,-0.0005292071111778536
978.606537431533,0.0001672977319207735
978.84961970197,-0.001758333304881313
979.0927092411015,4.438511255042755e-05
979.3358060466222,-0.002045129416745454
979.5789101162276,-0.0012052265177147563
979.8220214476127,-0.0008364886596037185
980.0651400384724,-5.804207025819408e-05
980.3082658865022,-0.0006726051671099238
980.551398989397,0.0007818608287725033
980.7945393448518,0.0004336084072231897
981.0376869505621,0.00018778316848249782
981.2808418042229,-0.0005701779843013022
981.524003903529,0.0010481715040749195
981.767173246176,-0.0013895954467702753
982.0103498298587,-0.001184741081153032
982.2535336522723,-0.0015329935027023455
982.4967247111119,0.0010481715040749195
982.7399230040729,-0.0008160032230419942
982.98312852885,-0.0004062944918075076
983.2263412831385,0.0005974918997169843
983.4695612646337,0.0009867151943897465
983.7127884710305,0.0003721520975380168
983.9560229000242,0.0013144821793773357
984.1992645493098,-0.001061828461782686
984.4425134165824,-0.0006726051671099238
984.6857694995372,-0.0004472653649309563
984.9290327958693,-0.0009389158424123401
985.1723033032739,0.0007204045190873303
985.415581019446,0.003342540398988044
985.6588659420808,-0.0019017313608133833
985.9021580688734,-0.00026289643587543734
986.145457397519,0.000822831701895952
986.3887639257126,0.0003106957878528438
986.6320776511494,-0.0016763915586344158
986.8753985715244,-0.0013486245736468265
987.1187266845332,-5.804207025819408e-05
987.3620619878703,0.00026972491472939514
987.6054044792311,-0.0005496925477395779
987.8487541563107,-0.00024241099931371303
988.0921110168043,-0.0015329935027023455
988.335475058407,0.0004745792803466384
988.5788462788139,-0.0021680420361158
988.8222246757201,-0.00042677992836923193
989.0656102468207,4.438511255042755e-05
989.3090029898109,0.0007818608287725033
989.5524029023859,-0.0016559061220726915
989.7958099822406,-0.001184741081153032
990.0392242270703,-0.0012666828273999293
990.28264563457,-0.000365323618684059
990.5260742024351,-0.0017993041780047618
990.7695099283604,-0.00024241099931371303
991.0129528100412,-0.0009184304058506157
991.2564028451725,-0.0006930906036716482
991.4998600314495,-0.001123284771467859
991.7433243665674,0.0007408899556490547
991.9867958482213,-0.00018095468962854003
992.2302744741063,-0.0010208575886592375
992.4737602419174,-0.0006111488574247509
992.7172531493497,0.0004336084072231897
992.9607531940987,-0.0008569740961654428
993.2042603738593,-0.0012666828273999293
993.4477746863265,0.0006179773362787087
993.6912961291956,-1.707119713474543e-05
993.9348247001617,-0.0012052265177147563
994.1783603969199,-0.0017993041780047618
994.4219032171652,0.00012632685879732485
994.6654531585929,0.0007613753922107789
994.9090102188981,4.438511255042755e-05
995.1525743957758,-0.001061828461782686
995.3961456869213,-0.0005496925477395779
995.6397240900295,-0.0015534789392640698
995.8833096027959,0.0003926375340997411
996.1269022229153,-0.0012666828273999293
996.370501948083,-0.00034483818212233466
996.6141087759939,0.0005974918997169843
996.8577227043434,-0.00020144012619026437
997.1013437308263,-0.0009389158424123401
997.3449718531381,0.0003311812244145681
997.5886070689737,-0.0015739643758257943
997.8322493760284,-0.0017788187414430375
998.075898771997,-0.0005087216746161293
998.319555254575,-0.0009389158424123401
998.5632188214572,-0.000303867308998886
998.806889470339,-0.001123284771467859
999.0505671989154,-7.85275068199184e-05
999.2942520048815,0.0006589482094021573
999.5379438859325,0.00012632685879732485
999.7816428397634,0.000822831701895952
1000.0253488640694,-9.901294338164274e-05
1000.2690619565458,0.0003721520975380168
1000.5127821148875,0.0001672977319207735
1000.7565093367896,0.00018778316848249782
1001.0002436199474,-0.002249983782362697
1001.2439849620558,0.0004540938437849141
1001.4877333608102,-0.00028338187243716166
1001.7314888139056,-0.0005906634208630266
1001.975251319037,-0.0005701779843013022
1002.2190208738998,-7.85275068199184e-05
1002.4627974761889,0.0001672977319207735
1002.7065811235994,-0.00048823623805440493
1002.9503718138266,-0.0007750323499185455
1003.1941695445656,0.001068656940636644
1003.4379743135114,-0.00022192556275198869
1003.6817861183592,-0.0008569740961654428
1003.9256049568042,0.0022363268246549306
1004.1694308265414,-0.0004677508014926806
1004.4132637252659,-0.0007955177864802698
1004.657103650673,0.00010584142223560053
1004.9009506004578,0.001457880235309406
1005.1448045723151,-0.000303867308998886
1005.3886655639405,0.0008023462653342276
1005.6325335730288,-0.00028338187243716166
1005.8764085972753,-0.0010208575886592375
1006.120290634375,-0.00048823623805440493
1006.3641796820231,-0.0012871682639616537
1006.6080757379148,0.0004131229706614654
1006.851978799745,-0.0007340614767950968
1007.095888865209,-0.0006726051671099238
1007.3398059320018,-0.00032435274556061035
1007.5837299978188,0.0009662297578280222
1007.8276610603548,-0.00026289643587543734
1008.071599117305,0.0003311812244145681
1008.3155441663647,-0.0018607604876899348
1008.5594962052289,0.001519336544994579
1008.8034552315927,0.0007204045190873303
1009.0474212431512,-0.00018095468962854003
1009.2913942375998,0.0006999190825256059
1009.5353742126333,-0.00028338187243716166
1009.779361165947,-0.002762119696405805
1010.0233550952358,0.0003926375340997411
1010.2673559981952,-0.001492022629578897
1010.51136387252,-5.804207025819408e-05
1010.7553787159055,-0.00042677992836923193
1010.9994005260468,-0.000303867308998886
1011.2434293006388,-0.0018402750511282105
1011.487465037377,-0.00020144012619026437
1011.7315077339564,-0.0005701779843013022
1011.9755573880719,-0.0008979449692888915
1012.219613997419,-0.001430566319893724
1012.4636775596925,0.000638462772840433
1012.7077480725876,-0.0013895954467702753
1012.9518255337997,0.0004131229706614654
1013.1959099410235,-0.0011027993349061347
1013.4400012919543,0.0011915695600069897
1013.6840995842874,-0.0021475565995540753
1013.9282048157177,0.000884288011581125
1014.1723169839405,-0.00042677992836923193
1014.4164360866507,4.438511255042755e-05
1014.6605621215436,-0.00042677992836923193
1014.9046950863143,-0.00018095468962854003
1015.148834978658,-0.0016763915586344158
1015.3929817962696,-0.00034483818212233466
1015.6371355368444,2.3899675988703222e-05
1015.8812961980776,-0.0005701779843013022
1016.1254637776641,0.0010481715040749195
1016.3696382732992,-0.0009798867155357887
1016.6138196826779,-0.001758333304881313
1016.8580080034953,-0.0026392070770354594
1017.1022032334469,-0.002249983782362697
1017.3464053702273,0.0014988511084328548
1017.590614411532,-0.00034483818212233466
1017.8348303550559,-0.0009184304058506157
1018.0790531984942,-0.0012871682639616537
1018.3232829395422,3.4142394269788964e-06
1018.5675195758947,-0.001819789614566486
1018.8117631052471,-0.0011027993349061347
1019.0560135252944,0.0010481715040749195
1019.3002708337318,-0.0013281391370851023
1019.5445350282544,-0.0009389158424123401
1019.7888061065571,-0.0005087216746161293
1020.0330840663354,-0.0034791099760661565
1020.2773689052841,-0.0044419254944672
1020.5216606210986,-0.003929789580424092
1020.765959211474,-0.003110372117955119
1021.0102646741052,-0.004564838113837546
1021.2545770066874,-0.0034791099760661565
